1.6773401294435775
1.4192495141710555
1.2002251625061036
1.234630104473659
1.198958420753479
1.1641235521861486
1.1597449268613542
1.153651135308402
1.1601284401757377
1.1418679237365723
1.1362709420067922
1.1322824035372052
1.1440109934125628
1.1538945436477661
1.1357253551483155
1.1175325734274728
1.1135197843824114
1.1238312891551427
1.1135602167674474
1.1137708187103272
1.1200670753206525
1.1194855792181833
1.106491640635899
1.10757326398577
1.118079434122358
1.1162000349589756
1.1113821506500243
1.1105849708829607
1.1065184933798653
1.1081739289419992
1.1018175465720041
1.1111266238348825
1.1081634385245187
1.1228866509028843
1.108331162588937
1.1089684009552
1.1015830653054373
1.1032117639269148
1.0980775220053536
1.1067060010773795
1.1526986122131349
1.1093998960086278
0.999787061555045
0.9458539094243731
0.911279022693634
0.8919443283762251
0.8572910904884339
0.8566803353173392
0.7845969370433262
0.7118050234658377
0.705368687425341
0.7241966247558593
0.6439133746283395
0.6453781264168875
0.6120015740394592
0.59664808682033
0.5925636010510581
0.5910935231617519
0.5719545423984528
0.5690262632710593
0.5682443806103298
0.5623341270855495
0.5341737679072789
0.5196418336459568
0.5440503409930638
0.5427476576396397
0.5391262931483133
0.5247926311833518
0.5150952202933176
0.494867616891861
0.5058056678090777
0.5141820566994804
0.4909201221806662
0.5396859177521297
0.518745596068246
0.4856494562966483
0.48211332985333033
0.5006634627069746
0.5062039766992842
0.4786229056971414
0.4734102589743478
0.46254210046359473
0.4717693362917219
0.4669180469853537
0.4731609284877777
0.4467377551964351
0.45856020195143565
0.46330755438123433
0.45226203969546724
0.4397343524864742
0.44737351962498256
0.43941106370517186
0.45272442102432253
0.45339389613696507
0.44562597785677227
0.4497410876410348
0.44214348878179277
0.4527529043810708
0.43628933259419034
0.43083978976522175
0.4218941509723663
0.4232405500752585
0.427423312834331
0.4145800343581608
0.4335305767399924
0.4156445188181741
0.41554715292794364
0.4047252118587494
0.4226346271378653
0.4105157366820744
0.4180916965007782
0.41061773811067853
0.41034827743257796
0.3931670580591474
0.39959320170538765
0.40564744642802647
0.39982181532042366
0.3923498800822667
0.40059825692858014
0.4054449021816254
0.3876889748232705
0.3873896947928837
0.3928401487214225
0.3798242313521249
0.3770558433873313
0.37868486387389044
0.39184182712009974
0.38899403214454653
0.38135386024202617
0.3816361555031368
0.3816719881125859
0.38342426334108626
0.39252964769090926
0.38506227816854205
0.3785173629011427
0.37689844710486275
0.38230367388044084
0.3732044458389282
0.3617296576499939
0.37222443308149067
0.3697887684617724
0.3602645320551736
0.3752862513065338
0.36326890332358225
0.36619909235409326
0.3667820496218545
0.3644232554095132
0.3626134616988046
0.3580254282270159
0.3659332530839103
0.36781284809112547
0.3559016619409834
0.3528170832565853
0.35761471475873674
0.3586864403315953
0.36226263131414144
0.35132102370262147
0.35292245490210394
0.351516934803554
0.3491255496229444
0.34798351611409867
0.3643602294581277
0.36769905345780507
0.35221524408885413
0.34531613673482625
0.34248247742652893
0.3432542255946568
0.34481069956507
0.3396265276840755
0.3380055384976523
0.33947265999657766
0.33863185559000286
0.3390697683606829
0.33546166845730374
0.3347792574337551
0.3384413140160697
0.34194529908043997
0.3351452248437064
0.3360304296016693
0.33651238679885864
0.33568092414311
0.33179658140454976
0.3384744031088693
0.3317189122949328
0.3307191090924399
0.3302373707294464
0.3292208807809012
0.3242580805506025
0.32489172645977565
0.3261562023844038
0.32426925812448776
0.32446387239864893
0.3235426664352417
0.32422478113855635
0.32347691910607473
0.33031320912497386
0.32360861471721103
0.3200273871421814
0.3231473931244441
0.31974212442125594
0.32308382391929624
0.31911767891475135
0.3154076508113316
0.3181442780154092
0.32060282230377196
0.3215129162584032
0.3233668446540833
0.3227511593273708
0.3150067116533007
0.31869211537497383
0.3181168292249952
0.32382880278996057
0.31623280388968333
0.3154869828905378
0.3172536143234798
0.3151495601449694
0.3144087084702083
0.31399879796164376
0.314774489402771
0.3191831707954407
0.31817404202052524
0.3138628576483045
0.31489584360803874
0.3156008345740182
0.3107487516743796
0.30690077543258665
0.31116896186556137
0.3107692752565656
0.3164440597806658
0.30878137860979354
0.31312306693622044
0.3090898675577981
0.30839097584996905
0.30553758910724094
0.3072946829455239
0.31163758209773473
0.3119697715554919
0.313877147436142
0.30790950655937194
0.3112724372318813
0.31453355039869035
0.30912199020385744
0.3090998113155365
0.3068366399833134
0.3117349650178637
0.3113308983189719
0.30794818912233624
0.3078413469450814
0.3118084728717804
0.3035645570073809
0.3061549024922507
0.30897265161786763
0.30653474075453624
0.30609833342688425
0.30319358025278365
0.3045037729399545
0.30764100125857763
0.3064445538180215
0.30386529309409005
0.3039731749466487
0.30916412813322885
0.30626612986837115
0.30543151582990374
0.30356473667281014
0.30996881553104944
0.30012638824326654
0.3032277294567653
0.30472868595804486
0.30215792485645837
0.30493793402399333
0.30590242062296186
0.30331581575529915
0.30326064825057986
0.30300842779023307
0.3049319165093558
0.3083358790193285
0.3027537269251687
0.3057467358452933
0.3029676258563995
0.30053667681557794
0.303319297518049
0.3066490914140429
0.30547839147703987
0.30340741191591536
0.3050403084073748
0.30537096432277133
0.3012756083692823
0.30540468863078524
0.30651367136410307
0.30390251108578276
0.30205434560775757
0.30473122767039706
0.30672299436160494
0.30369202664920264
0.30229873657226564
0.3014290698937007
0.3029901036194393
0.3034024613244193
0.3013922563620976
0.30158332330839976
