0.4818786561489105
0.47602482182638983
0.48157537153788976
0.47983890771865845
0.49289438383919854
0.4869588690144675
0.490690598317555
0.4875556136880602
0.48285298688071115
0.4834819325378963
0.4829225071838924
0.4822991933141436
0.4787730574607849
0.4772746843951089
0.4794717746121543
0.4763925722667149
0.46807702694620407
0.4801694563456944
0.4768158946718488
0.4867764106818608
0.4872397303581238
0.4893517136573792
0.47756533793040684
0.4950318217277527
0.49940367426191057
0.48195720740727016
0.47146113004003254
0.4771552920341492
0.47405889885766167
0.47225798964500426
0.4713308640888759
0.4787273679460798
0.47383411356381006
0.47026306561061315
0.4675520351954869
0.46969636167798723
0.4707490622997284
0.47533310651779176
0.46145724313599723
0.46775228125708446
0.4665080198219844
0.4747823144708361
0.48630014743123734
0.47003463080951147
0.46538046428135466
0.4613425876413073
0.4642085211617606
0.46822773729051864
0.4538075395992824
0.4647341924054282
0.4678813483033861
0.457891069991248
0.4624444876398359
0.4634611368179321
0.46831955058234076
0.46073091881615774
0.4593519457748958
0.46926755309104917
0.46220264605113437
0.467485008920942
0.46206432070050923
0.46665616461208886
0.4562876514026097
0.45752543210983276
0.45812363624572755
0.45594388927732193
0.4625871913773673
0.4703193945544107
0.460681756905147
0.4628230707986014
0.46545206223215374
0.4662127528871809
0.45888519031660896
0.45206110392298016
0.45660446541649957
0.4547220264162336
0.4637937869344439
0.4679920034749167
0.465986555814743
0.4600107065268925
0.44268164890153067
0.4570747869355338
0.47005054099219185
0.46736667837415424
0.4543464813913618
0.4517354198864528
0.45048596944127767
0.44902232715061735
0.45736790299415586
0.44846187915120805
0.4453735402652195
0.4521886578627995
0.45402335780007497
0.4514810230050768
0.4541400747639792
0.45583739961896624
0.4502702057361603
0.4422093459538051
0.4497742133481162
0.4558967096464975
0.45535373517445155
0.4565925862107958
0.4551727720669338
0.4498302025454385
0.45610344069344655
0.4492086223193577
0.44841352786336625
0.4437876650265285
0.4494178746427808
0.4478227206638881
0.4405352030481611
0.44997145107814246
0.4558862916060856
0.4604202551501138
0.4479222221033914
0.4469520134585244
0.4428373345306941
0.4458261728286743
0.4470431549208505
0.4377361110278538
0.4471245314393725
0.44997921671186175
0.4422730880124228
0.4483481764793396
0.4438878927912031
0.4548989985670362
0.4490415803023747
0.4419544049671718
0.44786457759993414
0.4397443771362305
0.4410987309047154
0.44138225317001345
0.44596665501594546
0.4455776682921818
0.4387684805052621
0.4471341243812016
0.444503424848829
0.448797972713198
0.45247565082141333
0.44579509156090874
0.44294177293777465
0.44678313902446204
0.4499876150063106
0.44681339263916015
0.44157808763640266
0.4342063912323543
0.4412367778165
0.4397080157484327
0.4470358780452183
0.4431717276573181
0.4389513790607452
0.4423966663224356
0.4522359924657004
0.44321453656469073
0.44123050825936455
0.4416077758584704
0.4392810344696045
0.4370004645415715
0.43541642512593953
0.4396484902926854
0.43782763055392676
0.4371238444532667
0.4422248763697488
0.4488384076527187
0.4471990772656032
0.4421564042568207
0.4364018644605364
0.4462836265563965
0.4412784116608756
0.43430329646383015
0.43889412369046893
0.4355536767414638
0.4382779002189636
0.4414211196558816
0.44000678403036936
0.44592379331588744
0.4417103869574411
0.45006441048213414
0.4392885046345847
0.4355754954474313
0.43828030824661257
0.4411591504301344
0.43804616161755155
0.43563301733561927
0.43416072470801215
0.4326410285064152
0.44306397693497795
0.4341636564050402
0.4409763148852757
0.43830126438822065
0.4408958826746259
0.4481858926159995
0.4462886052472251
0.4417858830520085
0.452359493289675
0.44726788912500653
0.4441252452986581
0.4467392887387957
0.4462191700935364
0.4313264276300158
0.43297038929803033
0.43708425504820686
0.4378139759813036
0.43248685257775443
0.43737198625292095
0.440852848972593
0.43784535016332354
0.43961871777262007
0.4332245716026851
0.4445585608482361
0.4331491044589451
0.43229397365025113
0.43027750083378385
0.43547237770898
0.42737784130232676
0.4363822034427098
0.43795030798230855
0.43301845959254676
0.4262546513761793
0.4323430163519723
0.43265108721596857
0.43573757495198934
0.43235544988087243
0.42478130970682415
0.42551181997571674
0.4261821619101933
0.42555115989276343
0.42981568915503365
0.43500518117632186
0.43865071875708445
0.43363665001732965
0.43388345411845614
0.440123234476362
0.4402062978063311
0.4648664619241442
0.4479026768888746
0.4328617376940591
0.4302944643156869
0.44485444596835544
0.43771705457142424
0.43164645518575395
0.4290464018072401
0.42877203396388464
0.42207619292395454
0.4354900777339935
0.43518130268369404
0.4276799763951983
0.42772538065910337
0.4342064448765346
0.4282664486340114
0.4280101869787489
0.43339851924351286
0.4361269278185708
0.42973824569157193
0.43253211208752224
0.4264915747301919
0.42856894731521605
0.4246785146849496
0.4262561065810067
0.4267115192753928
