1.4970390047345843
1.4956089530672345
1.4902301107134137
1.4684933594294958
1.409223859650748
1.3208943605422974
1.2430468661444527
1.1913617508752006
1.1755060638700212
1.158963029725211
1.1403598649161202
1.1186637571879796
1.094713715144566
1.0556484869548253
1.0114130462918962
0.9624086380004883
0.892645640032632
0.8389709115028381
0.7964237979480199
0.74735073191779
0.7215465801102775
0.7037976401192801
0.6779218213898796
0.6474002173968724
0.6410480482237679
0.6328556248119899
0.6202842797551836
0.6056793749332428
0.5970004754407066
0.6028039046696254
0.5796484512942178
0.5910588204860687
0.5715905376843043
0.5637726587908608
0.5556134257997786
0.5538344962256295
0.5584850779601506
0.5548897470746722
0.5518755776541574
0.5357119687965938
0.5288629310471671
0.5224717600005013
0.5342718456472669
0.5221698548112597
0.51875119805336
0.511550725357873
0.5044701363359179
0.4998584858008793
0.501155378137316
0.49272730350494387
0.5001023037093026
0.48969836575644354
0.4853565147944859
0.48928593737738474
0.4949329205921718
0.47844161902155197
0.4821002560002463
0.47198525582041057
0.48106605240276884
0.48798424346106395
0.4687166954789843
0.4698760722364698
0.4736618118626731
0.4694461098739079
0.46381075552531653
0.46369102341788154
0.4645124776022775
0.46430747509002684
0.46112985355513436
0.4571250115122114
0.46354667884962897
0.4614268677575248
0.45480887549264093
0.4507593308176313
0.4471268679414477
0.43746216637747626
0.4519844549042838
0.4490880583013807
0.4445470597062792
0.43539500662258696
0.44338141424315314
0.44126588106155396
0.4374375692435673
0.4305332669189998
0.4416464856692723
0.4384444568838392
0.4358224945408957
0.4373298908982958
0.4277920876230512
0.4313959853989737
0.4335636360304696
0.4246202145303999
0.439524074111666
0.4183978046689715
0.4333619739328112
0.4287644973823002
0.4180364217076983
0.4231394120625087
0.4257682246821267
0.4236661723681859
0.4133144531931196
0.4269780252661024
0.41632001655442374
0.42425771866525924
0.4193137424332755
0.4184244079249246
0.41222765275410245
0.41205559968948363
0.4135848411491939
0.41205415214811053
0.4125182935169765
0.4068868671144758
0.4103118487766811
0.40726120727402826
0.4085079567773002
0.4106296667030879
0.4052045983927591
0.4119109034538269
0.40816409162112643
0.408040908404759
0.4160382807254791
0.4089512356689998
0.40306831427982875
0.4099177130631038
0.4018840083054134
0.3989346172128405
0.40435208422797064
0.4070674504552569
0.40374419944626944
0.39813129731587
0.3955331913062504
0.4030008520398821
0.401289405141558
0.39390313965933665
0.40138408371380396
0.39503845742770605
0.39754468543188914
0.395252365725381
0.3922624630587442
0.39727420721735274
0.39445195112909587
0.39889313663755144
0.39735613891056604
0.401927216563906
0.3952812203339168
0.3899856380053929
0.39247707298823764
0.38819533331053596
0.3853729248046875
0.40075000694819857
0.39380537016051154
0.38714310441698346
0.38642955422401426
0.3904424437454769
0.3865792385169438
0.38461177945137026
0.38747760227748324
0.3865724308150155
0.3828632916722979
0.3804824778011867
0.38512873138700215
0.3841638147830963
0.38871287958962575
0.3833458747182574
0.38127562744276866
0.3838066450187138
0.3897345806871142
0.3879399708339146
0.382751738173621
0.3784610748291016
0.37616675070353917
0.38439702136175974
0.37657443966184345
0.38546142578125
0.38076618994985306
0.3816288411617279
0.37648204054151263
0.38597817676407953
0.3761433073452541
0.38760982496397833
0.38003833975110735
0.37835663897650584
0.3799778955323356
0.37560593656131197
0.38150754145213533
0.37291851128850667
0.37480688435690745
0.3724664287907737
0.38099885327475413
0.3822344149862017
0.3761228816849845
0.37634221230234416
0.3736091767038618
0.375656225000109
0.3782746774809701
0.37306304318564276
0.37264424647603717
0.3784742295742035
0.37508112703050883
0.37763220156942096
0.3710510696683611
0.3805914512702397
0.3798944558416094
0.3781505354813167
0.3712193659373692
0.3771521065916334
0.3728042423725128
0.3729836617197309
0.36928050688334874
0.3769340974943978
0.37266146881239753
0.37088900889669146
0.3705921505178724
0.3746425688266754
0.372501574243818
0.3728254565170833
0.369098813193185
0.376129823071616
0.3675635474068778
0.3743081441947392
0.37068988936288017
0.36429154787744794
0.3707102119922638
0.3745993435382843
0.37525050725255693
0.3701858563082559
0.36585562058857507
0.3728274583816528
0.3699172794818878
0.3689288922718593
0.373661664554051
0.36373878717422486
0.3741027806486402
0.36868556227002824
0.37219826068196976
0.3662980037076133
0.36894511495317733
0.37121671949114116
0.3730184359209878
0.36578355261257717
0.36909034337316243
0.3636922112533024
0.36542762092181613
0.367877311365945
0.3633702661309923
0.3644997545651027
0.36478827851159235
0.3661225540297372
0.3647739163466862
0.3651947430201939
0.36754567282540457
0.3640440838677543
0.36288698996816365
0.3674074138913836
0.3640280042375837
0.36858519656317573
0.3665418531213488
0.361184241941997
0.3688178999083383
0.3638879631246839
0.3683149244104113
0.3688017904758453
0.36870214683668956
0.36192402158464704
0.36734133533069063
0.37228453840528214
0.3647090920380184
0.36511484043938774
0.36950061661856515
0.3686899372509548
0.3637716736112322
0.36237300549234663
0.36417021070207867
0.3645880562918527
0.36856002381869724
0.3701452340398516
0.36321357914379665
0.36541660598346165
0.3679061966282981
0.3693214271749769
0.36464011158261983
0.36756989785603117
0.36467259866850715
0.36979374970708573
0.3663673630782536
0.36630380068506513
0.3616352345262255
0.36790304269109453
0.36926946640014646
0.3650426081248692
0.3648101508617401
0.36002802082470486
0.36471741710390365
0.36284341386386326
0.36111884883471895
0.3645457344395774
0.36482434102467126
0.3632625562804086
0.3638761222362518
0.36830381069864543
