1.834342648001278
1.5875911852892708
1.2026458277421839
1.0834746991886812
1.0042244721861446
0.9692293054917279
0.9453926892841563
0.9210784014533547
0.901284701683942
0.8704942675197825
0.8558361495242399
0.82812219507554
0.8106399739489836
0.7992980024393868
0.774213482351864
0.7721131479038912
0.7686116625280941
0.7430583378847908
0.7358514806803536
0.7291257416500765
0.7131882800775415
0.7081589348175946
0.6977938238312217
0.6932559048428255
0.6937597113497117
0.6967216204194462
0.6812748418134802
0.6788981136153726
0.6696632679770974
0.6714565438382766
0.6674408281550688
0.6660832587410422
0.6632566767580369
0.6596261823878569
0.6509477075408486
0.6400709257406347
0.6494745156344246
0.638162325410282
0.6478825527078965
0.637790273217594
0.6422231898588293
0.6416741434265586
0.6496093658839955
0.633040147669175
0.6286849169170156
0.6440209430806777
0.6414844744345721
0.6225581659990198
0.6314028571633732
0.6165664862183964
0.6431964755058288
0.6445151720728193
0.6352137361254011
0.6299173848969596
0.6219413195337568
0.6271001952035087
0.6407977768353054
0.6236460072653635
0.6138199099472591
0.5906424760818482
0.5973956039973668
0.6114582419395447
0.5948695923600879
0.6153244614601135
0.6185347335679191
0.5898990137236458
0.5761324116161891
0.5939156430108207
0.576476228237152
0.5791443364960807
0.5775004293237413
0.5926309858049665
0.5677207282611302
0.5747680451188769
0.5850041168076652
0.5809352551187787
0.5668782762118748
0.5632360415799277
0.5712480170386178
0.5587659009865352
0.5716987712042673
0.556080402646746
0.5523065175328936
0.5633493440491812
0.5700061440467834
0.5583759239741735
0.5484797784260341
0.552907224212374
0.5549472672598702
0.5487736804144723
0.5508607549326761
0.5488423126084464
0.5671550112111228
0.551327348606927
0.5418848710400718
0.5634083543504987
0.5611888868468148
0.5479470414774759
0.5493205862385886
0.5497857161930629
0.5498312473297119
0.5559802881308964
0.5312429709093911
0.5403604652200427
0.553229968036924
0.5534519485064915
0.5370326144354683
0.5419094817978996
0.5300321732248578
0.5366171394075666
0.5428143509796688
0.5262782011713301
0.5333886367934091
0.5335770155702318
0.5323324407849993
0.5226897895336151
0.5253376526491983
0.540520920072283
0.5310920110770634
0.5214888053280967
0.5263113728591374
0.523829128912517
0.5378638233457292
0.5267131703240531
0.5258058931146349
0.5134727469512395
0.51942680478096
0.511780036347253
0.5208896023886544
0.5172017591340201
0.5190537869930267
0.5200399134840284
0.5266454935073852
0.5227727234363556
0.5249621042183468
0.5115527970450265
0.5144027973924364
0.5127407772200449
0.5040347959314074
0.5104125397545951
0.5124353706836701
0.5114101878234318
0.5039639634745462
0.5060383183615548
0.513208109991891
0.4981697142124176
0.4965706016336169
0.504545156444822
0.5102353896413531
0.5043970704078674
0.5048097397599901
0.5038904692445483
0.5019844830036163
0.5038194639342172
0.4958246341773442
0.5106990780149188
0.5224715641566685
0.5021726650851114
0.4993144086429051
0.5004446676799229
0.5117645289216722
0.49370579634393963
0.4933648756572178
0.5015012664454324
0.49681590369769507
0.49965469752039227
0.49902249574661256
0.5045498711722237
0.4947916499205998
0.4909850972039359
0.4954408952168056
0.493305413212095
0.5018874091761453
0.4993549270289285
0.49187390463692804
0.49112250208854674
0.49349062613078526
0.49418786593845915
0.500372896024159
0.49582011699676515
0.4979273515088218
0.48756065794399805
0.49030649236270357
0.49654306599072046
0.4838078805378505
0.4888759161744799
0.48499219587871006
0.48326910138130186
0.486700428383691
0.4926879261221204
0.48438839742115564
0.4920948990753719
0.489576518535614
0.4830854799066271
0.48542247584887915
0.49617467182023184
0.47838778751237054
0.47907860279083253
0.49163961580821447
0.48146990963390895
0.4786968333380563
0.4823170738560813
0.4892649607998984
0.4833968111446926
0.4816796234675816
0.4907330419336047
0.4891701638698578
0.4919314656938825
0.48997809035437445
0.48112865090370177
0.476287397316524
0.4848416371004922
0.49155195440564836
0.485953904901232
0.4807157141821725
0.4791187746184213
0.4848936404500689
0.48312203628676276
0.47861463682992117
0.4879926724093301
0.4885367402008602
0.4847402504512242
0.4834880760737828
0.47772278359958104
0.4846737393311092
0.4770177645342691
0.47510271668434145
0.4698424194540296
0.4756813142980848
0.47309203914233616
0.4726166912487575
0.4753657851900373
0.472147251026971
0.46965274640492033
0.4754746973514557
0.46606411082404
0.47694912467684064
0.47699919768742155
0.4710523213659014
0.47699959363256184
0.47304547258785795
0.471303471497127
0.4787035116127559
0.4768093032496316
0.4738416373729706
0.4711185923644475
0.46846832207271033
0.4691316613129207
0.4714456149509975
0.4724931367806026
0.47172428284372603
0.4674985681261335
0.472821980714798
0.4730637380055019
0.47036152396883285
0.4706683312143598
0.4744017950126103
0.4664507678576878
0.4647644656045096
0.47074388946805684
0.4690375975200108
0.47449552416801455
0.47468027813094005
0.4679065602166312
0.4739677028996604
0.46878505093710765
0.47048400299889703
0.4640596117292132
0.46939883232116697
0.4661164232662746
0.47040962406567166
0.46849283746310644
0.4672539966447013
0.46721052186829704
0.4684200806277139
0.46260324886866977
0.4688898665564401
0.47076228431292944
0.47118106484413147
0.463554630109242
0.46269696269716537
0.469573906489781
0.4728714483124869
0.4714369637625558
0.4689957857131958
0.4668574162891933
0.4686815125601632
0.47073328750474114
0.47308696252959115
0.4718052957739149
0.4694417238235474
0.46578915204320637
0.4699711978435516
0.4708511437688555
0.46899850794247216
0.4665711896760123
0.47671924488885065
0.47395213757242477
0.46928127322878155
0.47423198904309954
