4.188981163501739
3.799616402387619
3.3688981592655183
2.9402763575315474
2.5403079360723497
2.2023639872670175
1.9833808660507202
1.8612768590450286
1.6947093531489372
1.6452934324741364
1.4836629793047904
1.4371380537748337
1.3253928214311599
1.3306681759655477
1.2415291272103786
1.2084679782390595
1.1660857565701008
1.095659612119198
1.0593780808150768
1.0596980914473533
1.0448351457715035
1.0006880700588225
0.9820337794721127
0.9411174423992634
0.9619953639805316
0.9434336058795452
0.9180987231433392
0.8884686768054962
0.8756297498941421
0.9128714807331562
0.8678684644401073
0.8526587925851346
0.8330867193639279
0.8425686504691839
0.8228501155972481
0.7960695944726467
0.8356332495808602
0.8113488294184208
0.7905733399093151
0.8044443786144256
0.8150829367339611
0.8258806504309177
0.7599712803959846
0.7720691822469234
0.7459520597010851
0.753474610671401
0.7965997625142336
0.7656704872846604
0.7496064990758896
0.7039394374936819
