0
68.62157052877174
76.1046648770688
75.23090773213532
80.90726253134005
81.79966744167922
79.92258789877553
83.82194719822249
82.50291527320435
84.50249879335927
84.64794159373304
84.66855437251226
85.15249863569395
85.7306967921525
86.17220355047294
86.058897820331
86.57386983900957
86.09176043343834
86.26768848506963
87.32576498800624
86.90876162910408
87.24310346394797
87.18782804653
87.37572186900529
86.7080438750343
87.30275697566971
86.88744300389939
87.11127332568014
87.53965060283222
87.72631877178914
87.47855906627132
87.52093327930692
87.13190962438016
87.69844587626663
87.62318285544451
87.74126559591122
87.79776159084977
87.9233403814754
88.04194199226507
88.06784556897838
87.94552377622283
87.98342107697596
88.03265724029646
87.96497712147891
87.99241936982564
