3.2835381031036377
3.170979390825544
2.981385884966169
2.7282763617379326
2.430755431311471
2.1406954220363072
1.9109099796840123
1.7057924815586636
1.4671277046203612
1.2728405339377267
1.2064535004752024
1.1322831732886178
1.0940212113516672
1.0605715053422111
1.040610955442701
0.9929277982030597
0.9802330255508422
0.9634587526321411
0.9567769953182765
0.9431920903069633
0.9276181612695966
0.9007131712777274
0.8984971029417855
0.9099008628300258
0.899212156023298
0.8596790773527963
0.8734107971191406
0.8524016635758537
0.8238058243479047
0.8257659077644348
0.8303804278373719
0.8327957664217268
0.8217886362757002
0.8101694566862924
0.7939940997532435
0.7791204180036272
0.7990789277212961
0.7606873903955732
0.7728193504469735
0.7531469651630947
0.7513812184333801
0.7530387197222028
0.7367076328822545
0.7502508316721235
0.7458220839500427
0.7467698727335249
0.7295238954680306
0.7226496253694806
0.716981429713113
0.7402032426425389
0.7079751661845616
0.716867082459586
0.7081756523677281
0.7001816987991333
0.6905748418399266
0.6924664769853864
0.6835822803633553
0.688618130343301
0.6871436987604413
0.6901751807757787
0.6776619911193847
0.6725768276623317
0.6751544509615217
0.664653992652893
0.6962000063487461
0.6828612344605582
0.6538855569703238
0.6653329525675092
0.6504697288785662
0.6357916372162955
0.6482953361102513
0.6429184743336269
0.6679951804024833
0.6791467343057905
0.6262585725103106
0.6474588053567069
0.645649584702083
0.6404672520501273
0.635315808228084
0.6270635519708906
0.6300201654434204
0.6492358003343854
0.6254211953708104
0.6233181680951799
0.6140888725008283
0.6163257905415126
0.6276620813778468
0.6150868892669678
0.6055955716541835
0.6056741441999163
0.6188512682914734
0.6042141931397574
0.6104530385562352
0.6175512160573687
0.6436354909624372
0.6713441440037319
0.6135401112692697
0.6013590591294425
0.6033884065491812
0.6027079548154558
0.6002367002623422
0.6049846717289515
0.6008425865854535
0.5890716893332345
0.5970620742865971
0.5865710888590131
0.5953660079411098
0.5833948271615165
0.5839810405458723
0.5862126631396157
0.5974939474037715
0.595563018321991
0.5760043723242624
0.5927534256662641
0.5766102484294346
0.5741154866559165
0.585595051731382
0.5733238748141698
0.5629701980522701
0.5716928311756679
0.575511965581349
0.5815432821001325
0.56700736113957
0.561775404214859
0.5565356688840049
0.5621564865112305
0.5710125599588667
0.5623534883771624
0.5556688615253993
0.543868522984641
0.5573743028300149
0.5618081705910819
0.5534157054764884
0.5562684638159615
0.5546463234083993
0.5550120217459542
0.554763160433088
0.5616837007658823
0.5480712626661574
0.5429766075951713
0.5424228591578347
0.5427081329481942
0.5442050857203348
0.5397281101771764
0.5464612875665937
0.541174407516207
0.5371271559170314
0.550315558058875
0.537162366935185
0.5379825328077589
0.5526914894580841
0.5433646712984358
0.5426888278552464
0.552138090133667
0.5500008531979153
0.5359074711799622
0.5307876322950635
0.5344367921352386
0.5340727346284049
0.5345626754420144
0.5446507683822087
0.5363637873104641
0.5514937060219901
0.5482217626912254
0.5376139053276607
0.5231118278844016
0.5487097646508898
0.5402681733880724
0.5263863256999425
0.5135115368025643
0.5184117334229605
0.5207400168691363
0.5174294914518084
0.5161578842571803
0.5068777101380485
0.5269975577081952
0.527684542962483
0.5160741235528673
0.5220773586205074
0.5114265033176967
0.522779484306063
0.5094175381319863
0.5233525003705706
0.5241301161902291
0.5171261974743434
0.5168955062116896
0.5139005311897823
0.5108016899653843
0.5112106910773686
0.5113597648484366
0.5111286895615714
0.509455280644553
0.514473694562912
0.5045363553932735
0.5183716007641384
0.5104635741029467
0.5112267272812979
0.5076260234628405
0.5122771220547813
0.5105100912707192
0.5428929737636021
0.5156683146953582
0.4980152385575431
0.5023300971303667
0.5051372281142643
0.4951539635658264
0.5037627858775002
0.4955951656614031
0.5019218674727849
0.4994351310389383
0.4969865432807377
0.49791548933301655
0.5030025618416922
0.49354801774024964
0.4918197980948857
0.5066445801939283
0.5009352377482823
0.495533287525177
0.4908130816050938
0.49875695875712805
0.49881531340735297
0.5058199099131993
0.49435855490820746
0.5022191839558737
0.49415105155536104
0.49292458295822145
0.48945289083889554
0.4899978978293283
0.4892709008284977
0.49262809923716955
0.4874133910451617
0.49276931967054094
0.4835568640913282
0.4870256202561515
0.4877436339855194
0.5018233486584255
0.493137617622103
0.48818186436380656
0.48630486301013404
0.48752833434513637
0.4842843856130328
0.48990396516663687
0.48474424821989875
0.4797113231250218
0.48118405767849515
0.4802653500011989
0.4800680501120431
0.48357849546841214
0.4898598177092416
0.4869268706866673
0.4845235994883946
0.47803780862263273
0.48472685132707866
0.47733285512243
0.47633262361798967
0.47814370904650005
0.479802394764764
0.4764311134815216
0.47963288766997203
0.47651477200644354
0.4828245299203055
0.4816610106400081
0.4878453654902322
0.47884233849389213
0.461826411315373
0.47354101964405604
0.47222271987370085
0.4762038801397596
0.47279961705207824
0.4760916760989598
0.483879565341132
0.47460073402949743
0.46934704865728105
0.47207153694970266
0.4737225787980216
0.4709997262273516
0.46944255573408944
0.4765530203069959
0.4739571239267077
0.4701095521450043
0.4699924188000815
0.4664657388414655
0.4646265762192862
0.4602968743869236
0.47591063635689873
0.47173729879515514
0.4746307270867484
0.4653396087033408
0.4621119805744716
0.4669053418295724
0.462430271932057
0.4682259440422058
0.46535760419709343
0.4705117847238268
0.45897144419806346
0.4581322533743722
0.4614454311983926
0.45994215948241096
0.4658204572541373
0.46524702651160105
0.4665867047650473
0.4646283039024898
0.46437321560723444
0.4647069249834333
0.45814475161688667
0.4565833279064723
0.4586428795542036
0.45815244913101194
0.4567781737872532
0.4657700513090406
0.4738480644566672
0.4739032575062343
0.4659168882029397
0.4535853249686105
0.4593678321157183
0.46319954310144695
0.4640706879752023
0.45503796764782495
0.4562081515789032
0.45213353378432136
0.45427623987197874
0.47294738377843587
0.4585263277803149
0.4490287925515856
0.45018196957451956
0.4575586029461452
0.44921561735016957
0.45249302557536536
0.45656612600599017
0.4563989170960018
0.44887877702713014
0.45135007330349514
0.45009475520678927
0.45135986294065206
0.4526951926095145
0.44800166743142267
0.4469090529850551
0.4477407276630402
0.4550053298473358
0.44702378596578324
0.45118785330227446
0.4481840636048998
0.4517253117901938
0.4540061661175319
0.444371212380273
0.44152992282594955
0.444058792080198
0.446322751896722
0.4442346113068717
0.44699584926877706
0.44591693111828395
0.4465899297169277
0.44303745797702243
0.44543800609452383
0.44625755718776156
0.44750180074146817
0.4473519061292921
0.44972562875066485
0.44457329426492964
0.44724750093051363
0.43980038932391574
0.4514206724507468
0.4453645042010716
0.4424689173698425
0.4412135362625122
0.44076274037361146
0.4417628688471658
0.4395748768533979
0.44147133656910487
0.4481560443128858
0.4419279047421047
0.44184111271585735
0.4388817625386374
0.44141796486718315
0.4508936660630362
0.44657803433282034
0.4392117074557713
0.4485059653009687
0.4393539522375379
0.4421750545501709
0.44142950432641165
0.44090907233101984
0.4368836769035884
0.4409184430326734
0.44336417828287394
0.43479045799800325
0.43607630218778337
0.4373315760067531
0.43506305898938863
0.43716898560523987
0.44243447440011163
0.440323087147304
0.4377761653491429
0.4385044881275722
0.44024400881358555
0.44035995943205697
0.43352658918925696
0.43442219495773315
0.43018889597484045
0.4386845026697431
0.43252881509917124
0.4330332398414612
0.4382019971098219
0.4420866625649588
0.43379910928862436
0.43543758222035
0.43306770495006014
0.4328700235911778
0.43211576683180675
0.4376039130347116
0.43734093138149804
0.4323997182505471
0.4316401149545397
0.4343141394002097
0.4335310110024044
0.4341045141220093
0.43117998668125695
0.43266194377626693
0.43111045019967215
0.43747402344431197
0.43559542042868477
0.43151422909327913
0.4271590854440417
0.4326275987284524
0.43200898596218656
0.43975059390068055
0.4326118733201708
0.4383024377482278
0.4332811347075871
0.4335567908627646
0.428902564729963
0.43346321753093175
0.4334684797695705
0.4330032365662711
0.42910819479397366
0.4300522335938045
0.43408519455364775
0.4303678478513445
0.43444749883243017
0.4293189789567675
0.4303016679627555
0.4319736668041774
0.4339285331112998
0.4294623366424016
0.4267008423805237
0.4291966600077493
0.4283143443720681
0.4386392576353891
0.4324657533849989
0.42926594359534126
0.42774725896971566
0.42906009214265006
0.4295827005590711
0.42912263529641287
0.4331017451626914
0.42608718531472345
0.4234410149710519
0.4219231171267373
0.4258061911378588
0.4283556912626539
0.42250154955046515
0.4227380931377411
0.4266476401260921
0.4286070389407022
0.43044614791870117
0.42530015110969543
0.4253803312778473
0.42255674174853736
0.42767513990402223
0.4232540190219879
0.4243999668530056
0.42545500993728635
0.4217075424534934
0.42348557029451644
0.42329416871070863
0.42717654619898116
0.4260178625583649
0.4222228935786656
0.42449752262660434
0.42199966141155787
0.4318912395409175
0.4199869590146201
0.42478216290473936
0.41746817231178285
0.424551807982581
0.41941397530691965
0.41909838318824766
0.4250944767679487
0.42728938204901556
0.4272738013948713
0.42777959619249617
0.4285805991717747
0.41957361613001143
0.4194188245705196
0.4207316901002611
0.41730398109980993
0.42231523990631104
0.4214663633278438
0.417568633386067
0.4174426564148494
0.4236202580588205
0.41706879138946534
0.41626678364617486
0.421969097001212
0.42139901518821715
0.42161634990147184
0.42074729800224303
0.4204853526183537
0.41945916669709343
0.41894546151161194
0.4209440657070705
0.4209612463201795
0.4219566319669996
0.4219743515763964
0.42066814388547624
0.41679101160594395
0.41935750160898483
0.4197114518710545
0.4221055226666587
0.41556510584695
0.4238151490688324
0.4224378458091191
0.4239906566483634
0.4185784041881561
0.41566507816314696
0.42190561975751606
0.41346928221838813
0.4187097941126142
0.41788226536342077
0.41626819372177126
0.416828430550439
0.4218495113509042
0.419096668277468
0.4185108116694859
0.41507720180920193
0.417125529050827
0.4168804143156324
0.41628667116165163
0.4169921602521624
0.4172182057585035
0.4125835759299142
0.41772219112941195
0.41189844608306886
0.41446238245282857
0.41977233460971286
0.4159837416240147
0.4142347948891776
0.4194187785897936
0.41484289850507466
0.419171108518328
0.41538317373820716
0.413822512115751
0.41069038680621556
0.4186095586844853
0.41872299909591676
0.41824510097503664
0.4209026685782841
0.4108746417931148
0.4212586079324995
0.41298390201159885
0.4142428432192121
0.4175839356013707
0.4135975556714194
0.41724920187677655
0.4106725973742349
0.4184623982225146
0.4169895853315081
0.4111954459122249
0.41687749539102825
0.4117354886872428
0.414643817288535
0.41453649146216254
0.4135412335395813
0.41465272051947455
0.41103762217930384
0.41000657677650454
0.41016638789858134
0.4109246594565255
0.4105274839060647
0.4135105345930372
0.41229367341314044
0.41383331332887924
0.41517647760254994
0.4075593284198216
0.41106476868901937
0.4097812644072941
0.41478190422058103
0.4101009624344962
0.40902190123285564
0.4100361500467573
0.41440691692488535
0.4163383798939841
0.40752174854278567
0.4105519711971283
0.41207796505519323
0.4095387177807944
0.4147085964679718
0.4089858182838985
0.41313305752617974
0.4088905257838113
0.41420588748795645
0.4149804413318634
0.4110246786049434
0.4150801454271589
0.4108406390462603
0.40973077160971505
0.41183922290802
0.4114070517676217
0.4082757702895573
0.4102240868977138
0.41009227548326765
0.4107740189347948
0.41222662925720216
0.41121476548058644
0.41370425735201155
0.4112170832497733
0.41333027992929733
0.4119644011769976
0.4085007326943534
0.41391271863664897
0.4139219990798405
0.4104547619819641
0.4101085415908268
0.4081339521067483
0.4102245850222451
0.4127957999706268
0.412362425667899
0.4107764559132712
0.4129530591624124
0.4153949107442583
0.41036179746900286
0.4072860164301736
0.4160378064428057
0.41056054319654195
0.4118306721959795
0.40820167831012183
0.41090258700507026
0.4099545555455344
0.412156172309603
0.40489097322736467
0.4109654656478337
0.4089686845030103
0.41024558118411475
0.40888035893440244
0.4148165617670332
0.4123045674392155
0.4068474241665431
0.4100380063056946
0.4126717720712934
0.4072353976113456
0.4055766122681754
0.40654504724911283
0.4115930531706129
0.4066390327044896
0.40698689477784294
0.4119338427271162
0.41102472032819476
0.40960184846605574
0.4065545891012464
0.4098679338182722
0.4097268956048148
0.40598221250942773
0.40804386138916016
0.40818406088011605
0.40289734601974486
0.40740975226674764
0.40486629179545813
0.40597580671310424
0.4117342846734183
0.4077135588441576
0.40875010320118493
0.4042579676423754
0.40756214431353976
0.40449000682149616
0.4063350796699524
0.4071862757205963
0.4125400117465428
0.4136875092983246
0.40862705281802586
0.41087192382131305
0.405823461498533
0.4059840287481036
0.4025339416095189
0.4051561219351632
0.4091338736670358
0.40618050013269696
0.405290093592235
0.40450173446110316
0.4035828386034284
0.4085404634475708
0.4074911628450666
0.40641962204660687
0.4082198866776058
0.4077635679926191
0.4096731117793492
0.4059068466935839
0.40912917937551224
0.4029050460883549
0.40606493609292166
0.4076262312276023
0.40724386998585294
0.4087071452822004
0.4069921629769461
0.40373301080295015
0.40899936131068637
0.40347429513931277
0.40630229456084116
0.4064803293773106
0.4084951502936227
0.4095706573554448
0.40457664046968733
0.40369896803583416
0.40336568611008783
0.40524036628859383
0.40267672879355293
0.4061532403741564
0.40882985591888427
0.40570004752704075
0.40749329583985466
0.4032085852963584
0.4061554959842137
0.40639213153294157
0.4069632189614432
0.4052472480705806
0.4049573029790606
0.40571857265063693
0.40138175742966786
0.4060608540262495
0.40447860615594045
0.4033239253929683
0.4066132724285126
0.4028577336243221
0.4029324037688119
0.40447754774774825
0.4089472021375384
0.40144060935292925
0.405421872649874
0.40728356157030376
0.40209866421563284
0.40427905065672737
0.40441655261175974
0.40836196286337717
0.4026117784636361
0.4051496045930045
0.4050327471324376
0.4098681466920035
0.4024336636066437
0.40310541306223185
0.4076078985418592
0.4050409248897007
0.4078591525554657
0.40420766472816466
0.4071018125329699
0.4015952663762229
0.40507474882262096
0.4056362186159406
0.40680606705801825
0.40287984439304897
0.40152564900262017
0.4073805757931301
0.40252404383250645
0.40335222142083305
0.4033219907964979
0.4027928147997175
0.4065400523798806
0.40680504611560275
0.40097728541919164
0.40334723847252985
0.40458193932260783
0.4013482519558498
0.404719340801239
0.40702436566352845
0.40308258874075753
0.40224953889846804
0.40369260736874174
0.40268784761428833
0.40650768961225237
0.40259147030966624
0.40469604134559634
0.4034287503787449
0.40078280227524893
0.39944629413740973
0.40433790598596847
0.40356078147888186
0.40173545139176503
0.40453274846076964
0.4075018857206617
0.40247168370655606
0.4059930077620915
0.40149631500244143
0.403739686523165
0.4069443592003414
0.40372293421200345
0.4067020092691694
0.40366940157754083
0.4071016439369747
0.4058862362589155
0.40804902059691295
0.39926815373556956
0.4053263647215707
0.402460834809712
0.40426874586514067
0.40287201149123053
0.40732634493282865
0.40268303666796
0.40380773970058986
0.402519257579531
0.4038358722414289
0.4063472236905779
0.4008444471018655
0.40129206946917945
0.40651275089808875
0.40116375514439173
0.4008936788354601
0.4053262940474919
0.4022299698420933
0.4029214816434043
0.41075155905314853
0.4059462019375392
0.3998874536582402
0.4040718879018511
0.4037520698138646
0.40311483570507595
0.4043113887310028
0.4031693398952484
0.40938944475991385
0.4019799062183925
0.4049594589642116
0.4034674380506788
0.4014266209942954
0.4015567123889923
0.40386395624705723
0.4010211459227971
0.40467649613107953
0.4007604496819632
0.4036737212112972
0.40140518631253924
0.4054751038551331
0.4040667516844613
0.3999617832047599
0.4032289104802268
0.40283843193735397
0.40531340411731176
0.3993059379713876
0.4008900114468166
0.40152492778641835
0.40324130058288576
0.4016832862581525
0.4036702130522047
0.40105852825301036
0.40002751435552325
0.4026123651436397
0.4040925553866795
0.3994421856743949
0.40146938051496234
0.40232727016721453
0.40583105342728754
0.4060812549931662
0.4068521329334804
0.4046967055116381
0.40341320378439766
0.40048549601009914
0.40084577032497953
0.4032333791255951
0.4063134321144649
0.4045851741518293
0.4022732172693525
0.4064042338303157
0.40713239141872953
0.40301216670445034
0.402035562481199
0.40521410533360075
0.40154776317732677
0.404309185062136
0.40101525783538816
0.4017452129295894
0.404128668989454
0.40290896807398113
0.39947455525398257
0.4013916747910636
0.40489634360585897
0.4025072182927813
0.4021850551877703
0.4003981173038483
0.40367407117571147
0.40425390260560173
0.4046270489692688
0.40577741776193893
