0.43395754524639674
0.4191779979637691
0.4303104077066694
0.44032597371510096
0.428089268718447
0.4291842707565853
0.4219691549028669
0.42340273431369235
0.4238517624991281
0.41503504599843705
0.424675281558718
0.4218197115830013
0.42577103887285506
0.42622614758355276
0.4132588480200086
0.41265120932034083
0.44835958991731917
0.4520302338259561
0.4462092961583819
0.4202046573162079
0.4173476346901485
0.4096627644130162
0.4144656368664333
0.41321011866842
0.409614360332489
0.41425298878124783
0.4098164643560137
0.40810410806110925
0.40705495732171193
0.41103955251829966
0.4094232159001487
0.41248697893960135
0.4159350250448499
0.40323950563158306
0.4121277477060046
0.4099047098840986
0.4128322192600795
0.4065215298107692
0.4029103977339608
0.41419723629951477
0.4107764508043017
0.40910795841898234
0.404450580903462
0.408727605002267
0.4076740409646715
0.40001943026270187
0.4072327060358865
0.4030603689806802
0.4134611870561327
0.40967910885810854
0.410241881438664
0.4010037337030683
0.43399571180343627
0.437275642156601
0.407160747051239
0.40410495826176235
0.4130632834775107
0.4076781111104148
0.41155110342161993
0.40056398596082415
0.4001146997724261
0.4034242766244071
0.40246823004313875
0.4039577662944794
0.4077132378305708
0.4087270336491721
0.40892516800335477
0.4131381707532065
0.41729067478861126
0.40822350893701825
0.40377871990203856
0.40311307651656014
0.397378488949367
0.4012828341552189
0.40004843388284955
0.3970280953816005
0.4023400391851153
0.40328074012483867
0.3962811895779201
0.4016917041369847
0.40125042029789515
0.4024502958570208
0.4037975719996861
0.41048716987882344
0.4072833248547145
0.4135569623538426
0.39597093718392506
0.4026637051786695
0.40232083116258893
0.4003172142165048
0.4063753247261047
0.39557824901172095
0.3968144927706037
0.39639303428786143
0.4023935965129307
0.40236075861113413
0.4039232007094792
0.39848169939858574
0.40543248994009834
0.4029282212257385
0.40937233652387345
0.40033791661262513
0.39707438775471277
0.3990030969892229
0.39512228454862325
0.40725847482681277
0.40500141297067915
0.39610368439129423
0.4051490102495466
0.4031596549919673
0.39978365898132323
0.3997142127582005
0.4063678971358708
0.39602142913000926
0.398215560402189
0.39714879478727066
0.40194688950266155
0.39590751613889424
0.40608493174825394
0.39752021517072406
0.3924551861626761
0.387336174930845
0.39145343984876363
0.38524227482931955
0.3982038506439754
0.40256892442703246
0.3966650937284742
0.3965019473007747
0.40255358048847745
0.4013019442558289
0.3954029704843249
0.3875725873879024
0.39385704909052166
0.4016108640602657
0.39093690429415023
0.392974944625582
0.39427470564842226
0.38996042438915796
0.3906222726617541
0.391875456060682
0.3961410709789821
0.3953793857778822
0.3955985299178532
0.3924132525920868
0.3904282314436776
0.39893528052738736
0.4003618240356445
0.3891971502985273
0.39640294313430785
0.3993345286164965
0.39501087750707353
0.3955508760043553
0.3956135094165802
0.39772012404033114
0.3915844363825662
0.39201744283948625
0.3879983058997563
0.384121116570064
0.38873848915100095
0.39548822726522176
0.39298201288495743
0.3929573323045458
0.3945545664855412
0.40595602648598805
0.3888794115611485
0.38999010835375103
0.39030476467950004
0.3908241765839713
0.38831829513822286
0.39243169597217015
0.3881155601569584
0.3907141055379595
0.39479581458227975
0.39526148268154687
0.38969634345599585
0.3850856781005859
0.3906863272190094
0.3922669019017901
0.3855059368269784
0.38569057583808897
0.3886043642248426
0.3928366354533604
0.39201162712914606
0.39851906980787005
0.3858431645802089
0.3910330091203962
0.38677195736340114
0.38290984204837253
0.38797159790992736
0.3826600670814514
0.3964265363556998
0.397017616885049
0.3956659197807312
0.382029059955052
0.3921340363366263
0.3893257873398917
0.3868923332009997
0.3889343900339944
0.39431130034582956
0.3863828088556017
0.3919761291572026
0.3897607352052416
0.38498752457754953
0.3831234795706613
0.38547602466174535
0.3861496031284332
0.38508583222116743
0.3881406681878226
0.38917963419641766
0.38874673673084803
0.3890533753803798
0.3834111588341849
0.39178647313799175
0.3887482498373304
0.3831407870565142
0.38980660012790136
0.38681055988584245
0.3801246225833893
0.3885780930519104
0.3876277812889644
0.3867009673799787
0.3839425189154489
0.38983423624719893
0.37922298652785164
0.38722166333879743
0.3833045823233468
0.3819333927971976
0.38267068011420113
0.3828775269644601
0.3924747892788478
0.3933602299009051
0.39050628117152625
0.3850684072290148
0.3810441587652479
0.379529527255467
0.3821381619998387
0.38330638578959875
0.38380309343338015
0.3805643822465624
0.3794856267316001
0.3793314635753632
0.3772419035434723
0.38153420346123834
0.37756229639053346
0.38009619287082125
0.37783759406634737
0.38356974039758956
0.3802675238677434
0.37788852453231814
0.3841777946267809
0.38144320930753434
0.38056615676198685
0.37390385951314653
0.3828531427042825
0.3818936654499599
0.3823097884654999
0.3778342255524227
0.3813071642603193
0.38171921287264143
0.379585371698652
0.3874900145190103
0.3764012217521667
0.3766601094177791
0.3782623299530574
0.38025270785604204
0.37979971766471865
0.3756152144500187
0.37917148470878603
0.37741927334240505
0.3786843487194606
0.38146180169922966
0.3827892712184361
0.3849173937525068
0.38494942954608374
0.3776667765208653
0.37957564336912974
0.3770539913858686
0.3716430996145521
0.38023154054369246
0.3772138868059431
0.3846165929521833
0.3802877238818577
0.3797084169728415
0.3766836183411734
0.37479071957724436
0.37753755279949736
0.3744623294898442
0.3761599259717124
0.395813912153244
0.38204117843082974
0.37548296281269616
0.38650895527430945
0.38381374222891673
0.38721659524100166
0.37716385551861353
0.3805164550031934
0.37724117892129083
0.3715261970247541
0.3797822288104466
0.38191201431410654
0.3866812118462154
0.37501542057309833
0.3749186090060643
0.37421062418392725
0.3796879283019475
0.3754030695983342
0.37042583993503025
0.3733346589973995
0.3768116082463946
0.3776706848825727
0.37522396956171306
0.3769543818065098
0.37184342997414727
0.37806102122579305
0.3788460033280509
0.37757426500320435
0.3760146703038897
0.3750045154775892
0.3749294221401215
0.37632771730422976
0.37216461896896363
0.37282476936067854
0.3785181862967355
0.37618739690099445
0.37392034871237617
0.37546363728387017
0.3735798444066729
0.36806450656482154
0.37129571863583155
0.37244229912757876
0.3751169187682016
0.37585133143833704
0.3725226436342512
0.36846585444041663
0.3721117981842586
0.3748155287333897
0.37352530615670343
0.3746634381158011
0.37108218584741864
0.3752274206706456
0.37644069024494714
0.3741439827850887
0.3681438156536647
0.3700214385986328
0.37734169704573495
0.37242624844823563
0.3735937399523599
0.3771746448108128
0.37582722987447464
0.37546101467950005
0.3761186386857714
0.3732350638934544
0.37535062772887096
0.3739690261227744
0.3695596524647304
0.3761545164244516
0.3768374426024301
0.3762790552207402
0.3716053903102875
0.3823644016470228
0.3722448664052146
0.37066797273499624
0.3740446490900857
0.3691191528524671
0.37048787900379726
0.37736021280288695
0.3772063672542572
0.37113013778414045
0.3724299618176052
0.370371287209647
0.369868974174772
0.3675287638391767
0.373648419550487
0.3751738233225686
0.37511514340128216
0.3779043691498893
0.380351699250085
0.37428380506379266
0.3713413110801152
0.3761926225253514
0.3773891917296818
0.3744450509548187
0.3707761764526367
0.3701146023614066
0.36855164596012663
0.37254051310675484
0.36754475150789534
0.3709426777703421
0.3615615614822933
0.3684402338096074
0.3749703509466989
0.36837567687034606
0.3739098744732993
0.36782427259853906
0.3746883153915405
0.3676671743392944
0.368111652135849
0.36089124168668474
0.36802373102733066
0.3656171364443643
0.3680025969232832
0.3642396833215441
0.3679117739200592
0.3662143954208919
0.3705695220402309
0.3674385556152889
0.3625758809702737
0.37041487438338144
0.36444734845842636
0.36707497579710824
0.3680245246206011
0.36450220005852835
0.3678682710443224
0.36840464557920183
0.360053254876818
0.3640397736004421
0.36734054258891513
0.36873299309185575
0.36758278267724176
0.3688022264412471
0.3762876170022147
0.36489567671503337
0.36654599479266575
0.36646363820348465
0.36957092455455237
0.3691360550267356
0.3686340706689017
0.36786624448640004
0.36661012853894914
0.3660130875451224
0.36749381593295505
0.36794877648353574
0.3707866302558354
0.3658716891493116
0.3669569901057652
0.36504076293536597
0.36612653476851326
0.3667692218508039
0.3697718552180699
0.3684695065021515
0.36693001304353984
0.3646236291953496
0.3672595407281603
0.36056035331317354
0.36836229477609905
0.36943179028374806
0.3642188446862357
0.3641756500516619
0.3632375793797629
0.36818452903202603
0.3698092256273542
0.36207951051848275
0.3683535362992968
0.3766220842088972
0.36609962838036675
0.3726034198488508
0.37080178005354747
0.36907344034739903
0.3667433500289917
0.36387503147125244
0.36582557218415396
0.3673138431140355
0.3661779633590153
0.36555816275732855
0.3660415359905788
0.36935768127441404
0.36958835295268466
0.3644750118255615
0.3655438610485622
0.36394486171858653
0.3564772827284677
0.3658589584486825
0.3627542265823909
0.36309122272900174
0.3601405646119799
0.3638241529464722
0.3568772486277989
0.36407635382243564
0.36288632920810154
0.3652152785233089
0.359429121868951
0.3622254090649741
0.36036824243409293
0.3615175613335201
0.36250832421439033
0.3634913555213383
0.3656867291246142
0.3631860213620322
