0
24.31202519186947
58.99770156932357
70.98632365400884
73.91962782343211
75.66467738558511
78.590889517825
79.94448275753791
79.56536358273712
81.76960213186658
82.64446153474468
81.75906625277258
83.37280342002231
83.72074257245818
84.80432875404563
83.4320542374347
83.84809496425412
85.5658407992228
85.18857856712891
84.68287623505006
85.37187035003679
84.62176820824519
84.9649161863079
86.10229613521881
85.76833645655404
85.31375753733967
85.97965148741554
85.88078641743981
86.03156498597745
85.93766005950843
85.9292499158513
