3.279638978413173
3.1943585191454207
3.0440750871385847
2.776418501990182
2.507474456514631
2.3287238257271903
2.1357658931187222
1.9502814292907715
1.7744866745812553
1.6364575113568987
1.5088910886219569
1.4393850564956665
1.3904165846960885
1.3574144908360073
1.3197525365012033
1.3465634856905255
1.3040502548217774
1.2626174007143294
1.1895811796188354
1.0943322709628514
1.024996943133218
0.99497161592756
0.9832592844963074
0.9633991530963353
0.907696863583156
0.8871433768953596
0.8758391107831682
0.883756366797856
0.8548252923148019
0.8229087267603193
0.8078978998320443
0.8041272725377764
0.7860235725130353
0.7799660870007106
0.796097355229514
0.7877808247293745
0.7616184098379952
0.7379925830023629
0.7462035417556763
0.7233719672475543
0.7190587741988046
0.7223821197237287
0.7072842189243862
0.7129852192742484
0.7356188109942845
0.7229920182909284
0.7050930312701634
0.6993495123726982
0.6727776340075902
0.6937702127865383
0.6949339372771127
0.6722701464380537
0.6741128018924168
0.6693806767463684
0.6578927789415632
0.6525373986789158
0.6532834836414882
0.6567445652825492
0.6463121516363961
0.6495976635387966
0.6923856905528477
0.7373898438044957
0.6581817167145866
0.6411711198943002
0.6500780412128994
0.6365795271737235
0.6361039178712028
0.6389362982341221
0.6242123314312527
0.6096362352371216
0.6092000791004726
0.6305274793079921
0.6242354444095066
0.6190592544419425
0.6041086418288094
0.6039181709289551
0.6177688070705959
0.6066726786749703
0.6036684479032244
0.6118517092296055
0.6039502143859863
0.5952035631452288
0.5912516134125846
0.5838310565267291
0.5920079171657562
0.5888713240623474
0.5998578207833426
0.6021221024649483
0.5877849698066712
0.5966096809932164
0.5827319025993347
0.5814995442117964
0.579815856048039
0.5735178317342485
0.577972732271467
0.5764430974211011
0.5727401001112802
0.5708693368094307
0.581743163721902
0.5738062117780958
0.5681132180350167
0.5719882539340428
0.5767311377184732
0.5741468003817967
0.5693363164152417
0.5571640150887626
0.5682649271828788
0.5586542214666094
0.558915672983442
0.5558696806430816
0.5533443587166923
0.5544451424053737
0.5585547634533473
0.5501950238432203
0.547860016141619
0.5470416196755
0.5427719669682639
0.5380867532321385
0.5516899406909943
0.5498247470174517
0.5449921531336648
0.5346161876405988
0.534973360810961
0.5428416235106331
0.5394665462630136
0.5355181864329747
0.5376236166272844
0.5390155025890895
0.545718093429293
0.5344605573586055
0.5286258935928345
0.5401671494756426
0.5278876789978573
0.534499556677682
0.5285809363637651
0.5308617004326411
0.5212162383965083
0.522299439566476
0.523919437612806
0.5215744146278927
0.5204681898866381
0.5248688995838166
0.5185499370098114
0.5210461846419743
0.5261058390140534
0.5315742662974766
0.5158034554549626
0.5127959336553302
0.5183685387883867
0.513155370099204
0.5161017494542258
0.5276577310902731
0.514381571326937
0.508585444518498
0.513860706772123
0.5115982668740409
0.5184264327798571
0.5100657829216548
0.5072218120098114
0.5150841431958335
0.5108812051159995
0.5104063144751958
0.5044288677828652
0.5143946979727064
0.5101686605385372
0.5021118249211992
0.49982617582593647
0.5102311594145639
0.5021598322050912
0.5011170532022203
0.502085679769516
0.499128292288099
0.5035056727273124
0.4953533411026001
0.4991279184818268
0.4974925024168832
0.497069593838283
0.49904034393174307
0.49898474642208646
0.4953407449381692
0.5016515467848096
0.5003127259867531
0.49388353313718525
0.4977922482149942
0.5025394865444728
0.5143479704856873
0.49811584097998485
0.49560452955109735
0.49778679438999723
0.497778274331774
0.4918165513447353
0.4912643321922847
0.48581958753722054
0.48674804738589694
0.4894621585096632
0.4922251948288509
0.48847247873033794
0.49211859703063965
0.4929868221282959
0.4889350048133305
0.491881137234824
0.4913410544395447
0.4837477547781808
0.48976954221725466
0.4886873211179461
0.48699106659208025
0.49320444549833026
0.491107063634055
0.4888076186180115
0.48624090211732046
0.4862074971199036
0.48642496296337673
0.4884943212781634
0.4816931588309152
0.48588912657329014
0.4786071879523141
0.4853222438267299
0.48071126086371285
0.486085307598114
0.48500908868653436
0.4856723231928689
0.48521783096449717
0.48034481491361347
0.48183474540710447
0.4848582071917398
0.4804321621145521
0.4803011383329119
0.47599861792155673
0.47815747005598885
0.48155809215136935
0.47233108963285175
0.4811988353729248
0.48403417638369967
0.48268292461122786
0.4780062198638916
0.47802887558937074
0.4802065704550062
0.47777952551841735
0.47823635169437956
0.469554443018777
0.48076353073120115
0.4762869920049395
0.4767157895224435
0.482799003805433
0.4793648174830845
0.4795033889157431
0.4823393336364201
0.47819320474352156
0.47673239026750835
0.4799858203956059
0.47357514670916967
0.4774265834263393
0.4814509860106877
0.47710570522717066
0.47602775863238744
0.4783543050289154
0.47457873054913113
0.4749676321234022
0.48094258393560135
0.47139362267085483
0.4718806615897587
0.4799792468547821
0.47884127242224556
0.47394430467060633
0.47523993934903824
0.4781449820314135
0.47426833510398864
0.4794895785195487
0.4780590108462742
0.4783568825040545
0.4759252113955362
0.4771017738751003
0.471850746018546
0.47415550691740854
0.4770405505384718
0.48094036834580556
0.4756820602076394
0.47843696134431024
0.47263616493770055
0.4755470063005175
0.4747093711580549
0.4792035673345838
0.4708344416958945
0.47464939440999715
0.47559720533234734
0.47023701412337165
0.4732823440006801
0.4769159010478428
0.477543682711465
0.47733336431639534
0.4716774080480848
0.4747747353145054
0.47611868722098216
0.4753479608467647
0.47621738740376063
0.47595215439796446
0.4718318896634238
0.47620700682912553
0.47574489542416165
0.4720213958195278
