3.2542773587363105
3.1287085805620465
2.932936375481742
2.706542226246425
2.508738497325352
2.375072397504534
2.246399940763201
2.1150364467075895
2.0025737694331576
1.8927000624792916
1.8212766511099678
1.7300086157662529
1.6370715379714966
1.5759099892207555
1.5190824168069021
1.4788112538201468
1.4164698771068027
1.3954857962472098
1.336086698940822
1.3415986061096192
1.3175451074327742
1.2612935100282943
1.245730515888759
1.21542478288923
1.1782741682870048
1.156660454613822
1.1241303852626257
1.123036914212363
1.095887986251286
1.0878926822117396
1.0563620345933096
1.0599208899906702
1.1222041419574194
1.0254257781164986
1.0009072354861668
0.9762747594288417
0.9974170565605164
0.9711104358945574
0.937377839429038
0.9405281083924429
0.9370416828564235
0.937730838571276
0.9109017184802464
0.8851646065711976
0.8753470778465271
0.8687106387955802
0.8738399846213204
0.8644857917513166
0.8434333103043693
0.8560561997549875
0.8310112799916949
0.8172793677874974
0.830505907535553
0.8163696765899658
0.7998791830880302
0.7989397065980094
0.7811645405633109
0.7891914827483041
0.8185735072408403
0.7924223678452628
0.7889603887285505
0.7792459845542907
0.7644585013389588
0.7731063161577497
0.751600866658347
0.7497878313064575
0.7528072152818952
0.7435033508709499
0.750763658114842
0.7351955822535924
0.7224431327411107
0.7366248215947833
0.7284802675247193
0.7369085669517517
0.7337168795721871
0.7211646199226379
0.7378286753382002
0.7123970917293003
0.6973370620182582
0.7102639930588859
0.6872142979076931
0.7110985858099801
0.6886290277753557
0.685091575554439
0.6875400475093296
0.6876793469701494
0.6892940163612366
0.6864460911069598
0.6779259238924299
0.6645481875964574
0.683712203162057
0.6654040234429496
0.6636891892978123
0.6663206236703055
0.6609848703656878
0.6540062955447605
0.6492070198059082
0.6626570429120745
0.6690008640289307
0.6548198137964522
0.6585294212613787
0.6494741576058524
0.641971777166639
0.6484200307301112
0.6503997342927116
0.6491001980645316
0.6484228440693447
0.6426706143787929
0.6414041996002198
0.6441518323762077
0.6325707946504865
0.6207644922392709
0.6289660045078822
0.6265671185084751
0.6275079999651227
0.6386501874242511
0.6305237191064017
0.6255981053624834
0.6189681998320988
0.6283384816987174
0.6176820056779044
0.6174035957881383
0.6313461678368705
0.6147194385528565
0.6064034853662763
0.6053498915263584
0.6081146802221026
0.6022226742335728
0.6063594630786351
0.6138222455978394
0.6024552958352225
0.6038601500647408
0.6024574637413025
0.6014608553477696
0.5996384944234575
0.595331118788038
0.5979779447828021
0.5996507661683219
0.595897878919329
0.5883257746696472
0.5979155472346714
0.6055643796920777
0.593143892288208
0.5898303925991059
0.599311625957489
0.5874864220619201
0.5928895745958601
0.5825482215200152
0.5893385674272265
0.5812637976237706
0.5897193116801126
0.5823217289788383
0.5839798331260682
0.5718796440533229
0.5696469000407628
0.5802446407931191
0.5918269940784999
0.5910896846226283
0.5791803087506976
0.5791858894484384
0.5728117380823408
0.5735187377248492
0.566632273367473
0.5635729134082794
0.5806510107857841
0.5735981345176697
0.5692205854824611
0.5746728011540004
0.5712120251996177
0.5679469125611442
0.5745690848146167
0.5697900056838989
0.5678046703338623
0.5638202496937343
0.5615767964294979
0.5729261193956647
0.5608003284249987
0.5753976089613778
0.5604503733771188
0.5625031045504979
0.5597897495542253
0.5657511872904641
0.5544886810438974
0.5627577585833413
0.5569647993360247
0.5629877541746412
0.5662491423743111
0.5591004524912153
0.5655007089887346
0.5555476103510175
0.5609173451151167
0.55784860764231
0.5659520421709333
0.5553693311555045
0.552209552696773
0.5591590940952301
0.548086324759892
0.5530663788318634
0.5522274238722665
0.5564008746828352
0.5514903877462659
0.5518513407026019
0.5498177868979318
0.5539071074553898
0.5447974187987191
0.5456566342285701
0.5480572155543736
0.5403972736426762
0.548129380600793
0.5472800527300153
0.546527418068477
0.545215563263212
0.550670542887279
0.543632162468774
0.5442468643188476
0.5473639164652143
0.5481425753661564
0.5464623238359179
0.5493223658629827
0.5437009496348245
0.5473050492150443
0.5410943414483752
0.5504247929368701
0.5394422692911965
0.5425300495965141
0.5429402445043836
0.5351450485842568
0.5405172978128706
0.5408891516072409
0.5464683507169996
0.5455440742628915
0.5504271285874504
0.545821864264352
0.5424336305686406
0.546605064187731
0.5450548376355853
0.5347219109535217
0.540079653263092
0.5392268538475037
0.5459399376596723
0.5412466883659363
0.5411067681653159
0.536784542458398
0.5407178955418723
0.537529970066888
0.5434077858924866
0.534123399427959
0.5453777057783944
0.5403283885547093
0.5399080412728446
0.546220053093774
0.5376337076936449
0.5368256117616381
0.5316175239426749
0.5377368032932281
0.5394778898784093
0.5324540632111686
0.5419728040695191
0.5328791013785771
0.5408448440687997
0.5377050093242101
0.5378407742295946
0.5399781695434025
0.5367953300476074
0.5301626009600503
0.5383770627634866
0.5345401729856218
0.535371219260352
0.5333809580121721
0.5405377158096858
0.5379401803016662
0.5283093844141279
0.5404165387153625
0.540715993302209
0.5308564066886902
0.5403363423688071
0.5352266584123884
0.5353583480630603
0.5376666239329747
0.5370968333312444
0.5359483514513288
0.5344025484153203
0.5389817672116416
0.5352000168391636
0.5377002085958208
0.5363925005708422
0.5385578274726868
0.5394611614091056
0.5331053861549923
0.5450040970529829
0.5328188138348716
0.5360603988170624
0.5342790288584572
0.5361148978982653
0.5378738684313638
0.5371606264795575
0.5453440700258527
0.5298987073557717
0.5361594174589429
0.5373725984777723
