1.8731112550286686
1.6456832675372852
1.2550926348742317
1.07715807241552
1.0074844535659342
0.9627329952576581
0.9352819639093736
0.9078835319070255
0.8834317957653719
0.8638736780952004
0.8448358108015621
0.837127636460697
0.8202006816864014
0.7939344258869395
0.793453409391291
0.7720446025623995
0.7587596072870142
0.7504680507323321
0.7399624025120455
0.7313219624407151
0.7249360435149249
0.7208487286287195
0.7028127663275775
0.7094026628662559
0.6904514116399428
0.6856916055959814
0.680284065358779
0.677624341319589
0.6798888935762293
0.6671561528654659
0.6655692423091215
0.6684707648613873
0.6523139406653011
0.6554713599822101
0.6548950602026546
0.6405046512098873
0.6580332622808569
0.640091804897084
0.640580019530128
0.6327538770787856
0.6375016429845024
0.6352313651758081
0.6371781335157507
0.6437275164267596
0.6352724152452806
0.6241375523455003
0.6268056490842033
0.6305049131898319
0.6132235386792351
0.6219419836997986
0.6070038378238678
0.5794478825160435
0.5784660117966788
0.5689510566847665
0.5634610167571477
0.5546867396150317
0.5517360772405352
0.6414920551436288
0.606906943661826
0.5940694229943412
0.5488447751317705
0.5464260620730264
0.5338407405785152
0.5350790679454803
0.5300216666289739
0.5221741276127951
0.5262731083801815
0.5194015290055957
0.5135407941681999
0.5210851584162031
0.5187017338616507
0.5118694305419922
0.5157322355679104
0.5083506507532937
0.5130870010171618
0.5168737198625292
0.5058398979050772
0.511559763125011
0.5066427315984453
0.5013162306376866
0.4894627034664154
0.5055479279586247
0.5172335871628353
0.5116852896554129
0.49853593707084654
0.4972756147384644
0.49623597604887826
0.502974683046341
0.5254236774785178
0.5031702058655875
0.4955917630876814
0.4997375769274575
0.4995711003031049
0.503935102054051
0.49900393656321934
0.4982836987291064
0.49401271513530187
0.4861037450177329
0.48939353227615356
0.49341554045677183
0.4948265254497528
0.4953661586557116
0.49589755535125735
0.48629589251109534
0.4941506292138781
0.49269109198025296
0.4896835974284581
0.4907680937222072
