8.749055004119873
4.510559004545212
1.8940847605466842
1.1987372539937495
1.0487051367759705
1.0024969220161437
0.9302397489547729
0.9068626165390015
0.8648353606462479
0.8344387210905552
0.825520122051239
0.8141120828688144
0.8221786633133888
0.8252850644290447
0.7839641116559506
0.7679817765951157
0.7580947615206242
0.7500620640814304
0.7264266677200795
0.7360775984823704
0.7120552681386471
0.6961832486093045
0.6961143217980862
0.6829269848763942
0.7318315751850605
0.6765024848282337
0.6776342704892159
0.6486465245485306
0.64401800557971
0.6422200419008732
0.6278345644474029
0.6203252129256726
0.6191488422453404
0.647945374250412
0.6189795196056366
0.647100605815649
0.6346654638648033
0.6151748426258564
0.6083947017788887
0.6034390285611153
0.6045943614095449
0.6084145307540894
0.6445550113916397
0.6393067948520184
0.6111028902232647
0.6023644264787436
0.5969108182936906
0.593625158816576
0.5899751152843237
0.5867842588573694
0.5916235279291868
0.5848803959786892
0.5875589430332184
0.5843739569187164
0.5856106996536254
0.5974720932543278
0.5821583218872547
0.577772106230259
0.5833610743284225
0.5862939674407244
0.5918389901518821
0.5878306604921818
0.5723796810954809
0.5781239822506905
0.5849819369614124
0.585009190440178
0.5753496937453747
0.5731769174337387
0.5696531064808369
0.5738072730600834
0.5693258214741945
0.5738090723752975
0.5776802953332663
0.5670551020652056
0.5690761145204306
0.5794777818024158
0.8979913018643856
0.6775622196495533
0.7004630029201507
0.6374939367175102
0.7311154641211033
0.6233230561017991
0.6274410374462605
0.6069020330905914
0.6015553005039692
0.5856772437691689
0.5965560242533684
0.5926739245653152
0.5899675268679857
0.5901671204715967
0.5902849115431309
0.577540859207511
0.5808721255511046
0.5783559806644917
0.5783364538103342
0.5713698610663414
0.5804960165172816
0.5847362354397774
0.5712380178272725
0.5727497588843107
0.5754706177860498
0.5649261087179184
0.5695190731436014
0.5672052588313818
0.5671235997229814
0.5622806739062071
0.5596597533673048
0.5650934346020222
0.5706965990364552
0.5661970600485802
0.5763388041406869
0.5718910805881023
0.5654061961919069
0.5762438524514437
0.5648161299526692
0.5681129444390536
0.5641506019979715
0.5652125611901283
0.5641425862908364
0.5634516648948192
0.5549155868589878
0.5654917009174824
0.5584508560597896
0.5671769209206105
0.5657047506421804
0.5609315719455481
0.5719869114458561
0.562528408318758
0.5648353561758995
0.5631018079817295
0.561915609240532
0.5602074597030878
0.5705819521099329
0.6328431721776724
0.5939504586160183
0.5698984641581774
0.5673212084919215
0.5807902038097381
0.5749806430190801
0.5586224861443043
0.5626051533967257
0.5771060589700937
0.5637686610221863
0.5659989897161722
0.5654332742094994
0.567017986625433
0.5636815391480923
0.564348305016756
0.5653802759945392
0.5605851802974939
0.5578682575374841
0.5581294734030962
0.5773058615624904
0.5601790200918912
0.5595769610255956
0.5596198938786984
0.5607971582561732
0.5574284367263317
0.5510650373995304
0.5644278760999442
0.5630534116178751
0.5640876717865467
0.5581125289201736
0.5663925401866436
0.5701717678457499
0.5600765313953161
0.5709033776074648
0.5676901333034039
0.6275211326777935
0.7729160495102405
0.6492964953184128
0.6037496078759432
0.5976857457309961
0.572209256887436
0.5697946358472109
0.568552701920271
0.5632920056581497
0.5706315860152245
0.5583191581070424
0.5802486859261989
0.5652723714709282
0.5561815116554498
0.5645104587078095
0.5616030253469944
0.552737670764327
0.5571098379790783
0.5703551642596721
0.5528270531445741
0.562242342531681
0.5540723994374275
0.5624530576169491
0.5600881092250347
0.5552677031606436
0.5567873869091272
0.5634991969913244
0.555622099339962
0.552768512442708
0.5550464246422052
0.5634391266852617
0.5724053345620632
0.561092808097601
0.5586507838219404
0.5744287859648466
0.5758277390152216
0.5628140099346638
0.5542825981974602
0.5595091041177511
0.5705435652285814
0.56967419013381
0.5586840953677893
0.5551464207470417
0.5629641029983758
0.5595242377370596
0.5566978614777327
0.5626828227192163
0.5626143582165242
0.5574288796633482
0.5521811906248331
0.5531954240053892
0.5511188074946404
0.5608217496424913
0.556234935298562
0.5597605507820844
0.5641654528677463
0.5592519503086806
0.5537960968911648
0.5482603274285793
0.556196216866374
0.5580167163163423
0.5619473535567522
0.5596020687371492
0.5654102422297
0.6495676226913929
0.6310093007981777
0.5659809567034244
0.5592840563505888
0.5578967690467834
0.5582852199673652
0.5772396050393581
0.5563360452651978
0.5650057747960091
0.5627585705369711
0.5514731995761395
0.5642247758805752
0.55309845097363
0.5496133118867874
0.5476597782224417
0.5583701383322477
0.5473012253642082
0.5534888662397861
0.5571560852229596
0.5517766874283552
0.5533859711140394
0.5569252040237188
0.558940839767456
0.5471483189612627
0.5526329655200243
0.5481429066509008
0.5505634378641844
0.5446793768554926
0.5429325867444277
0.5451955527067185
0.5548865471035243
0.5564750175923109
0.5487128015607595
0.563250382617116
0.5601704005151987
0.5636172600090503
0.5522094022482633
0.5549163766205311
0.5606448151171207
0.5509091433137655
0.5505644027143717
0.5438783768564462
0.5454467307776213
0.5506679989397526
0.567351296916604
0.550421554595232
0.5535957552492619
0.5644211485981941
0.5605097409337759
0.553195969760418
0.5483737412840128
0.550500025600195
0.5495537098497152
0.551938834041357
0.562569423392415
0.5503537569195032
0.5482855197042227
0.6002320371568203
0.5786560140550137
0.5584306232631207
0.5568674083799123
0.5578974772244691
0.5497642636299134
0.5491849631071091
0.5484128221869469
0.5658995792269707
0.5513548426330089
0.5460637971758843
0.5458970781415701
0.543897470831871
0.5511102221906186
0.5437435328960418
0.5505672119557857
0.5498767253011465
0.5460152141749859
0.5511769611388445
0.5507149670273066
0.5391625739634037
0.5390990227460861
0.5502456378191709
0.5429725892841816
0.5481248065829277
0.5534468397498131
0.5553033441305161
0.5960403107106685
0.7901902526617051
0.6168781720101834
0.5955292470753193
0.575985873118043
0.5706906691193581
0.5592382457107306
0.5613603044301272
0.5580873232334852
0.564580412209034
0.5602313049137593
0.5631370820105076
0.5491935692727565
0.5437377918511629
0.5534520220011473
0.5575123585760593
0.5493057280778885
0.5516400657594204
0.5764373131096363
0.5507349546998739
0.551483916118741
0.5431461110711098
0.5486496660858393
0.5500221729278565
0.546005591377616
0.550366685539484
0.5495525307953357
0.544059369340539
0.5464798212051392
0.5458014663308859
0.5398614190518856
0.5447305653244257
0.551236667484045
0.5546259351074696
0.5493146814405918
0.5447376314550638
0.5486828923225403
0.5492037113755941
0.5457122925668955
0.5355951622128486
0.5443464424461126
0.5459715954959392
0.5446575082838535
0.5501890737563372
0.5448880713433027
0.5386575762182474
0.5428040456026793
0.5456163145601749
0.5669925820082427
0.5436513133347034
0.5675811067223548
0.546870457753539
0.5553326871246099
0.5484421767294407
0.5498989805579185
0.5443684365600348
0.5470212064683437
0.542566541582346
0.5459773860871792
0.5490892447531224
0.5406977664679289
0.5413065951317548
0.5447388246655465
0.5385113347321748
0.5405071549117565
0.5446005787700414
0.5415964659303427
0.5503698039799929
0.5420941762626171
0.5405620615929365
0.5500284273177385
0.5476719927042722
0.5426023341715336
0.5416863393038511
0.5444477789103985
0.537717729434371
0.5388980191200972
0.5452153395861388
0.5301118239760398
0.5457986209541559
0.5498241167515516
0.5349587712436914
0.5394663989543915
0.5385326273739338
0.5775929234921933
0.6255136873573065
0.5671474941074848
0.5495666779577733
0.5614773660898209
0.5724468562752009
0.5691860318183899
0.568512462824583
0.5533076722174883
0.5502586420625448
0.5433972906321287
0.5422363556921482
0.5466024622321128
0.540204244479537
0.5534493833780288
0.5513507883995772
0.5513242486864328
0.5500681210309267
0.542170225456357
0.5394981745630503
0.5411174386739731
0.544759713113308
0.5491133689880371
0.5413585338741541
0.5502336993813515
0.539105373620987
0.5423605661839247
0.5431862358003855
0.5410766575485468
0.538125828653574
0.5393850322812795
0.5491004906594753
0.5775426384061575
0.5560341063886881
0.5404688131064177
0.5656687971204519
0.5410427879542112
0.5370391894131898
0.538662838563323
0.5362071752548218
0.5470756899565459
0.5381512485444546
0.5446580316871404
0.5431430194526911
0.5368147019296885
0.5344021514058113
0.5327525358647108
0.5391260534524918
0.5493413358926773
0.5488373544067144
0.5405823662877083
0.5432063568383455
0.5534723658114672
0.5495077598839998
0.568988611549139
0.5641613680869341
0.558531104773283
0.5574608836323023
0.5441243030130863
0.5397411674261093
0.5344948261976242
0.5384877402335405
0.5395589947700501
0.5463292572647334
0.552998935803771
0.5472548771649599
0.5444116782397032
0.5473554700613021
0.5511681281030179
0.5460147067904473
0.5414163064211607
0.5422526400536298
0.5383566293865443
0.5395139575004577
0.5370022330433131
0.5331119891256094
0.5287849243730307
0.5336212184280157
0.5434294506907463
0.5370830360800027
0.5400626864284277
0.5340868540108203
0.5384944006800652
0.5434091374278068
0.541672982648015
0.5444975450634957
0.5445625752210617
0.5417783774435521
0.5389412693679333
0.5440829027444124
0.537107577174902
0.5443336188793182
0.5475277286022902
0.567337042465806
0.5403619665652514
0.5376006592065096
0.5339226678013802
0.5375876229256391
0.5435205608606338
0.5476535581052303
0.5391520012170077
0.5449166968464851
0.5686273675411939
0.5746704686433077
0.5659249912947416
0.5451612807810307
0.5489680338650942
0.5429957665503025
0.5335492771118879
0.5497197527438402
0.5403672780841589
0.5394071254879236
0.5520235039293766
0.5460949975997209
0.5509635396301746
0.539301473274827
0.5434876196086407
0.5455890610814095
0.5351420775055885
0.5373624090105296
0.5594232760369777
0.5423401247709989
0.5412325073033571
0.5410164456814528
0.5422139830887318
0.5406338945031166
0.5425001904368401
0.5392860904335975
0.5437180619686842
0.5403381291776895
0.5337428949773312
0.5296704180538654
0.5339963864535093
0.5809674214571714
0.5493758443742991
0.54810697324574
0.5441784463822842
0.5358124397695064
0.5379351500421763
0.5425290774554015
0.5403462734073401
0.5392707400023937
0.5403043046593666
0.5408514905720949
0.5619469080120325
0.5586509060114622
0.5469456557184458
0.5482762850821018
0.5496190074831248
0.5512506127357483
0.5451298333704472
0.5370833892375231
0.5371932122856379
0.5348507586866618
0.5397039394825697
0.5333108499646186
0.5510266348719597
0.536328886449337
0.5306995883584023
0.5343059465289116
0.535865094140172
0.5342023771256208
0.5339996919035912
0.530245516821742
0.5371196616441012
0.5448153872042895
0.542217206582427
0.5590135585516691
0.5537201657891273
0.5363822460174561
0.5392686236649752
0.5359458494931459
0.5362937957048416
0.5382268313318491
0.5334113255143166
0.5299365799874067
0.5346084222197532
0.532255644723773
0.5397950869053603
0.5363629966974258
0.5347404584288598
0.5395581856369972
0.5474670980125665
0.528483283892274
0.5387996666133403
0.5434232078492641
0.532699803262949
0.5394090995192528
0.5443015497177839
0.5540476098656655
0.6111650452017784
0.5532570276409388
0.5420197989791632
0.5441537007689476
0.5363203510642052
0.5425223998725415
0.53980818875134
0.5322321578860283
0.5298520032316446
0.5453957129269839
0.5399633072316646
0.5263343311846256
0.5362973909825086
0.544049870967865
0.5416087884455919
0.5397553637623786
0.5440927315503359
0.5365682229399681
0.5435331705957651
0.5349866896867752
0.5331115107983351
0.532168073952198
0.5318303070962429
0.5320851672440767
0.5377111893147231
0.535186281055212
0.527574586123228
0.531175771728158
0.5316065661609173
0.5337171483784914
0.5384801223874092
0.5416377354413271
0.5324845723807812
0.5422786962240934
0.5506935466080904
0.5374919351190328
0.5381494883447886
0.5432354360818863
0.5382528219372034
0.5510720063000918
0.5585187930613756
0.5487589921802283
0.5480759467929601
0.5467249009758234
0.5403923250734806
0.5422640856355428
0.5309847991913557
0.5366931214928627
0.5391317114233971
0.5373899076133967
0.5364566832780838
0.5378989230841398
0.534043925255537
0.5310335293412208
0.5431510880589485
0.5334143679589033
0.5446275383234024
0.5339134965091944
0.539324301853776
0.538548742607236
0.534066741168499
0.5350432179868221
0.547553576156497
0.541861056163907
0.5436841130256653
0.5375155538320542
0.527309975400567
0.530048007518053
0.5274598330259324
0.5298144716769457
0.5349266972392798
0.5363257043063641
0.5378833118826151
0.561989089474082
0.5569126170128584
0.5391491092741489
0.5306010041385889
0.5426932275295258
0.5345889583230019
0.5252766385674477
0.5313458882272244
0.5359621647745371
0.5391564067453146
0.5337541829794645
0.5344987343996763
0.5388014916330576
0.5326371721923351
0.5284872274845839
0.5332234747707844
0.5364538095891476
0.5344922762364149
0.5381312955170869
0.5713978197425604
0.5407321821898222
0.5387422230094672
0.5371610146015883
0.5357347045093774
0.5378663063049316
0.5338765308260918
0.5330095268785954
0.5331321749836206
0.5366286020725965
0.5361655566841363
0.5331544186919928
0.5300046790391206
0.5317775297909975
0.5374592177569866
0.5271327309310436
0.5357194107025862
0.5257277369499207
0.5295695550739765
0.5353568982332945
0.5536576621234417
0.5400941368192435
0.5325011886656285
0.5273864176124334
0.5349669706076383
0.5280757822096348
0.5283933725208044
0.5327914912253618
0.5319492321461439
0.5404664270579815
0.5357508517801761
0.5371431052684784
0.5237937301397324
0.5341585718095303
0.5365232124924659
0.524902943521738
0.5299829363822937
0.5305005881935358
0.5307468891143798
0.5290178533643484
0.5240406878292561
0.5293948166072369
0.5327604785561562
0.5288208559155464
0.52310736104846
0.5291627656668425
0.5310901287943125
0.5271132595837116
0.5225277554243803
0.523593669012189
0.533224844187498
0.5397121418267489
0.5432740740478039
0.5770401526242495
0.5611679568886757
0.5457524865865707
0.540666850283742
0.5357634916901588
0.5349683646112681
0.5268056333065033
0.5306345250457525
0.5331982113420963
0.5295631419867277
0.5285849671810865
0.5289194464683533
0.5278955791145563
0.5271167099475861
0.5340837277472019
0.5254531405866146
0.5325647879391908
0.5352145247161388
0.5425322450697422
0.5299378599971533
0.5238242022693157
0.5353550016880035
0.5344334185123444
0.5212335720658302
0.5221639666706324
0.5305179759860039
0.5252716176211834
0.5152271930128336
0.5256635271012783
0.5223009828478098
0.5309715058654547
0.5187886994332075
0.5234808906912803
0.5425855275243521
0.5288200523704291
0.5271087169647217
0.5333205588161946
0.5253044761717319
0.529523791000247
0.5281503308564425
0.5334657810628414
0.5389654271304607
0.5319864351302386
0.5259253788739443
0.5223597679287195
0.5262740276753902
0.5239203177392483
0.5265293307602406
0.5310915030539036
0.5233162935823202
0.5338222317397594
0.5453250244259834
0.5418919958174229
0.5311224982142448
0.5417247258126736
0.5445925381034613
0.5307881865650416
0.5323431767523289
0.5525441024452448
0.5343899253755808
0.5289012916386128
0.5351581383496523
0.5286077082157135
0.5257854584604502
0.5436739709228278
0.5307382468134165
0.5305184904485941
0.534266421943903
0.5284843847155571
0.5242307778447867
0.5161767497658729
0.5274657152593136
0.5342804823070765
0.5247137039899826
0.5209447797387838
0.5198630534112454
0.5190768029540778
0.5460865959525109
0.53510423861444
0.5356944356113672
0.5340433616191149
0.525096008554101
0.5238068491220474
0.5227476257830859
0.5255126543343067
0.5221166849136353
0.5332000274211168
0.5258422147482633
0.5290429215878248
0.5272188130766153
0.5251915950328112
0.5273746378719807
0.5238845221698284
0.5240694902837276
0.5287664793431759
0.5148664582520723
0.5266528341919183
0.5266627598553896
0.519726138934493
0.5233559776097536
0.5225567027926445
0.5305602945387363
0.5339091878384352
0.5178663816303015
0.5328630849719047
0.5254783716052771
0.5258588254451751
0.5193272046744823
0.5260413214564323
0.5516779903322458
0.5706083826720715
0.5544313870370388
0.535548773035407
0.5457837920635938
0.5264022972434759
0.5294438060373068
0.5253923110663891
0.5305067077279091
0.5266908682882786
0.5249273274093866
0.526812207326293
0.5291254557669163
0.5342927917838096
0.531056996062398
0.5337407343089581
0.5280179381370544
0.5254552811384201
0.5226430013775826
0.5295610252767802
0.5177271820604801
0.525303878635168
0.5276837699115277
0.5174449719488621
0.5303104124963284
0.5195970661938191
0.5220784235745668
0.5229786921292543
0.5189175575971603
0.5174142193049193
0.5268060106784105
0.5204418491572141
0.5273246824741363
0.5244744259864091
0.5194197420030833
0.5205891236662865
0.5220730450004339
0.5411430191248655
0.5263697121292352
0.5218634869903326
0.5282537572085857
0.5311821456998587
0.5223002530634403
0.5274812873452902
0.5258396707475186
0.5280242394655943
0.5279801554977894
0.5231864366680383
0.5282688666135072
0.5228513229638339
0.5393641371279955
0.5305874824523926
0.5384683422744274
0.5274818316102028
0.5657278869301081
0.5395102582871913
0.5255418751388788
0.5301628470420837
0.5258022025227547
0.5284807503223419
0.5199827704578638
0.5274292983114719
0.5223972868174315
0.5309902872890234
0.5200411129742861
0.5235988438129425
0.5208005465567112
0.523187992349267
0.5236623480916023
0.5245992977172136
0.5245964430272579
0.5261756908148527
0.5284712947905064
0.5242607541382313
0.5231944855302573
0.5233967218548059
0.5218478068709373
0.5181206967681646
0.5335961490869522
0.5221448633819818
0.5209724400192499
0.51954474337399
0.5345203187316656
0.5339955404400826
0.5315543275326491
0.5318032220005989
0.5174998745322228
0.5170043185353279
0.5243496961891652
0.5255363799631596
0.521233256906271
0.5238549921661615
0.516723883152008
0.5216826688498258
0.5159308440983296
0.5200515810400248
0.5188724741339683
0.5462863124907017
0.5348668180406093
0.5339839581400156
0.5235082387924195
0.5396226480603218
0.5258028391748667
0.5260991722345352
0.5171172108501196
0.5192515388131141
0.5196887284517289
0.5215324822813272
0.5189962450414896
0.5265185590833426
0.5294307492673397
0.5210204727947712
0.519601770862937
0.5229306519031525
0.5181123085319996
0.5198282308876514
