0
55.03969010592965
61.480881932258704
74.64776464687058
75.27455200327712
75.43719890949127
74.73018946703517
75.46166496947099
73.18442948739245
74.35585054560605
74.94288753607576
74.36615819255796
74.81625025466619
75.14515900175837
74.46471505968766
74.19236839291537
74.9242031499557
69.42339977264504
75.03242923490517
75.3192025488585
74.383617827328
75.39247071580067
74.67982525848028
74.66430963782157
74.91875796024873
74.20665952944533
74.83326253884877
75.71289872391236
68.93816840990104
72.95069867380181
74.18786619233474
75.02340209106836
73.4963595598901
74.73716777193368
74.88750466684428
74.18776557843604
74.60622563864767
75.39260253080515
74.53988767175997
74.82631476943979
74.94246317776523
74.32949548888041
74.97394697225212
75.65765324547029
74.54820928843266
74.93164375092975
75.1882338068489
75.50759686649022
75.07346740294811
75.53645441559497
75.88096805075816
75.26223367975979
76.04754187338271
76.15526978906189
75.39419352595603
75.45742858445902
75.44525569093311
74.55635257806618
75.47105099918949
73.60996773729654
75.9237865475825
76.68385447832753
76.22480361372213
75.85005983359922
76.17400586734084
76.222276335481
75.56761995973332
75.980581026828
74.77485529598269
75.99016135474783
76.16790656463276
74.82374817584365
76.07908787978249
76.26161874637737
75.877615220669
75.2184677412035
75.94785111063844
76.16016456512632
75.56109006727567
74.06636192014318
75.31191397548481
76.36965681134873
75.78388691758119
75.99382703319773
75.09628265666085
75.98131085008004
75.71878351323012
75.29972761154647
75.03606248064499
76.10008928646378
75.99605976826062
75.90732806123789
75.47252260459084
75.67930927253883
75.99519987107084
75.51898324084854
76.16141022972488
