000001
000009
000011
000012
000019
000022
000023
000027
000029
000031
000034
000038
000039
000040
000041
000047
000053
000056
000057
000061
000064
000074
000076
000077
000081
000083
000087
000089
000090
000091
000092
000097
000098
000100
000101
000104
000110
000112
000114
000120
000121
000124
000125
000126
000127
000129
000130
000132
000133
000134
000135
000137
000138
000140
000144
000149
000151
000155
000157
000159
000162
000165
000167
000175
000176
000188
000189
000190
000191
000192
000194
000196
000197
000200
000201
000202
000205
000207
000209
000210
000214
000215
000217
000219
000221
000222
000224
000226
000228
000231
000232
000233
000235
000236
000244
000245
000249
000250
000251
000252
000253
000256
000257
000258
000260
000261
000268
000269
000272
000273
000287
000288
000291
000293
000297
000298
000299
000301
000302
000303
000304
000307
000311
000313
000314
000317
000318
000320
000321
000325
000326
000327
000329
000332
000334
000335
000337
000338
000339
000340
000343
000344
000351
000352
000354
000355
000357
000358
000361
000373
000374
000377
000378
000383
000384
000387
000392
000393
000394
000395
000396
000398
000401
000405
000406
000408
000414
000415
000416
000418
000420
000425
000433
000436
000437
000440
000442
000443
000446
000450
000451
000452
000453
000454
000458
000461
000462
000463
000465
000475
000476
000481
000483
000490
000491
000492
000493
000500
000504
000509
000515
000516
000517
000521
000523
000526
000527
000528
000529
000532
000533
000534
000535
000539
000542
000543
000545
000546
000547
000548
000550
000552
000554
000556
000557
000564
000569
000576
000577
000578
000580
000589
000592
000594
000597
000598
000600
000604
000606
000619
000625
000635
000640
000644
000649
000650
000667
000677
000685
000691
000693
000715
000716
000718
000728
000734
000738
000740
000743
000758
000762
000771
000774
000785
000800
000803
000811
000834
000840
000847
000872
000875
000880
000881
000886
000895
000900
000902
000907
000908
000913
000982
000993
001003
001004
001017
001018
001025
001031
001042
001043
001045
001050
001052
001053
001058
001066
001067
001084
001085
001087
001089
001092
001099
001106
001113
001117
001126
001128
001141
001157
001163
001171
001173
001174
001176
001177
001178
001194
001203
001208
001218
001223
001231
001238
001247
001262
001278
001282
001283
001291
001292
001296
001299
001307
001309
001314
001320
001332
001339
001341
001345
001354
001359
001362
001368
001374
001377
001392
001399
001403
001419
001422
001428
001429
001432
001444
001452
001457
001459
001460
001461
001464
001466
001468
001469
001470
001472
001473
001475
001476
001477
001479
001481
001483
001484
001486
001488
001491
001493
001502
001505
001506
001508
001510
001514
001516
001525
001528
001530
001533
001536
001537
001538
001541
001543
001544
001545
001553
001554
001555
001558
001560
001561
001569
001571
001572
001573
001574
001580
001582
001583
001591
001595
001596
001603
001604
001611
001614
001622
001623
001627
001628
001633
001634
001635
001638
001642
001648
001650
001652
001653
001654
001656
001658
001659
001669
001674
001677
001678
001679
001680
001681
001688
001689
001690
001692
001696
001697
001698
001706
001709
001710
001718
001720
001725
001734
001735
001741
001743
001745
001749
001750
001751
001752
001755
001758
001760
001761
001762
001765
001770
001772
001774
001775
001779
001780
001781
001782
001786
001788
001789
001790
001792
001794
001795
001797
001803
001806
001810
001811
001815
001816
001820
001822
001826
001827
001828
001829
001838
001841
001843
001847
001853
001854
001855
001857
001858
001860
001861
001862
001864
001865
001866
001868
001871
001877
001882
001884
001885
001886
001893
001894
001898
001902
001907
001908
001909
001913
001917
001918
001919
001921
001922
001926
001927
001928
001940
001944
001949
001950
001952
001953
001954
001960
001961
001965
001968
001969
001970
001975
001977
001979
001985
001986
001990
001991
001995
001996
001999
002000
002001
002003
002010
002011
002012
002013
002014
002020
002023
002026
002028
002029
002036
002039
002044
002045
002052
002054
002055
002057
002059
002061
002062
002063
002071
002072
002073
002078
002089
002096
002101
002103
002104
002106
002114
002115
002144
002147
002148
002153
002156
002157
002160
002173
002175
002176
002177
002178
002183
002185
002188
002192
002194
002196
002201
002206
002209
002210
002212
002213
002217
002220
002221
002223
002224
002225
002226
002236
002249
002255
002257
002263
002265
002268
002271
002273
002276
002279
002280
