0.6778640422970057
0.7046770166605711
0.7044461276382208
0.7208338987082243
0.7512924857437611
0.70544806830585
0.6896763261407614
0.7475664176046848
0.6741448871791362
0.7184374693781137
0.6855337396264076
0.6926884803920984
0.7056982606649399
0.7604655295610427
0.7258651282638311
0.6588379371911287
0.6901734650135041
0.6331521693617106
0.679906228557229
0.6739419370889663
0.6405359778553248
0.7438170116394758
0.7074248865246773
0.6429398015141488
0.6472576841711998
0.6629629664123058
0.660871946811676
0.6145163763314485
0.6024403471499682
0.6644630506634712
0.624300254508853
0.6427699744701385
0.6454948429018259
0.612483125925064
0.624850619211793
0.6250600785017013
0.6012906622141599
0.5834811463952064
0.6194405302405357
0.6300653781741857
0.6516096521168947
0.6061370126903057
0.5752031192183494
0.6212503165006638
0.6099244304001331
0.6057768113911152
0.6016290329396725
0.5878720168024302
0.5875796467065811
0.5728633459657431
0.5931828480213881
0.6197733234614133
0.5844639718532563
0.5844820488244296
0.5585867997258902
0.5986875157803297
0.6095009136945009
0.5958093341439963
0.5657352242618799
0.5801695786416531
0.563271077349782
0.5677798267453908
0.5717623017728328
0.5937856405973434
0.591706071421504
0.577784127369523
0.5620212238281965
0.5652953393757343
0.5515133213251829
0.6501238532364368
0.5640972275286913
0.5664433382451535
0.6001764368265867
0.5504728376865387
0.5745712663978338
0.5372197162359953
0.582411278411746
0.5471139870584011
0.5442645806819201
0.5472724299877882
0.5706758659332991
0.560931108519435
0.585101056098938
0.5578570794314146
0.5308547139167785
0.5293967682868242
0.5315951097756624
0.5663467459380627
0.5512471735477448
0.54412891715765
0.5441105101257563
0.5172768425196409
0.5285884365439415
0.5491851713508368
0.5041543487459421
0.5088124468922615
0.5471377618610859
0.5135953433811664
0.5379182249307632
0.5330607827752829
0.565037577226758
0.5177631564438343
0.5421200182288886
0.5777835927903652
0.5232504088431597
0.534459712728858
0.5486138589680195
0.505270167440176
0.4886587917804718
0.4972839646041393
0.4962836779654026
0.49847215935587885
0.49063852690160276
0.5433380700647831
0.5065390694886446
0.507069842517376
0.5213156044483185
0.5238325536251068
0.5120803192257881
0.5245011691004038
0.4845732804387808
0.5493844650685787
0.5244796141982079
0.48977150171995165
0.5065634191036225
0.4900714322924614
0.5315277304500341
0.5021447520703077
0.5268935170024633
0.4854211188852787
0.4869311906397343
0.4781966082751751
0.5159421022981405
0.552899494767189
0.5267238840460777
0.4933064728975296
0.47457140758633615
0.47429007180035115
0.47685163989663126
0.5153014708310366
0.48859805017709734
0.6651778515428305
0.49309459514915943
0.4689416751265526
0.4656718380749226
0.46366828344762323
0.4665090873837471
0.453211947157979
0.45553120151162146
0.46011455580592153
0.4513809759169817
0.45376026406884196
0.5098716463893652
0.49160551503300665
0.4578908957540989
0.4617137238383293
0.4988385833799839
0.4772073984146118
0.45911564454436304
0.44997831992805004
0.46095823757350446
0.4496789757162333
0.45246511287987234
0.45075410380959513
0.45057659670710565
0.47336695455014705
0.4769088800996542
0.4485270157456398
0.43862496092915537
0.4489876192063093
0.4571912560611963
0.47547224126756193
0.5062894057482481
0.4690761551260948
0.4448505565524101
0.43778253607451917
0.43902125731110575
0.45465311110019685
0.4369073178619146
0.48899359442293644
0.49810340330004693
0.4755004562437534
0.4388098929077387
0.45901061706244944
0.43725823163986205
0.49891609624028205
0.47652484849095345
0.45268003195524215
0.45048409961164
0.4339993767440319
0.4537441812455654
0.4351870659738779
0.4545074086636305
0.43306806199252607
0.44491016753017903
0.4403940014541149
0.4363640297204256
0.4529037903994322
0.4620565980672836
0.4326466076076031
0.43101830407977104
0.43958934880793094
0.4462587032467127
0.43549149483442307
0.4529763650149107
0.4343414716422558
0.4502350691705942
0.5000310286879539
0.4899854093790054
0.43271615765988825
0.43759360946714876
0.4619748298078775
0.4276921324431896
0.4390408508479595
0.42176822684705256
0.4495972666889429
0.4539742384105921
0.43863478638231757
0.41550348326563835
0.42801015004515647
0.4250698234885931
0.4243076961487532
0.4390219297260046
0.4500230930745602
0.41105234920978545
0.4199662871658802
0.4051200982183218
0.4156805519014597
0.41517324186861515
0.42307438887655735
0.43822271078825
0.4659477364271879
0.47211271263659
0.40822457559406755
0.4533366486430168
0.41699921898543835
0.4151996495202184
0.41248531714081765
0.40571463033556937
0.4253613207489252
0.40867498628795146
0.39149041641503574
0.4158980119973421
0.44404985941946507
0.40642640106379985
0.40296023078262805
0.41089446991682055
0.41585662197321654
0.43253713585436343
0.4191409207880497
0.4174695581197739
0.43872982896864415
0.42324225008487704
0.4609060291200876
0.4424231417477131
0.4925694730132818
0.4415743198245764
0.40503895971924064
0.3958580505102873
0.4145491734147072
0.3965002305805683
0.4177134122699499
0.3939442247152328
0.4348613314330578
0.4029105855152011
0.39940893165767194
0.4010267719626427
0.4135905522853136
0.4313268423080444
0.4068900030106306
0.41462359167635443
0.41477491296827795
0.4130909614264965
0.4027383405715227
0.4139323279261589
0.4008756522089243
0.39048060066998
0.39664895702153447
0.41753666549921037
0.4244609590619802
0.40699889305979015
0.4042296253144741
0.3877721756696701
0.4993625275790691
0.4346376445144415
0.4174663070589304
0.38479176852852104
0.404756686091423
0.3973907593637705
0.413229613378644
0.4095614727586508
0.40012849010527135
0.3987347861751914
0.3849519545212388
0.3907375127077103
0.38478637151420114
0.3786262169480324
0.38537384681403636
0.37491255849599836
0.3741197805851698
0.37665813844650986
0.399383152090013
0.38608037754893304
0.38098478503525257
0.3925431828945875
0.38370960000902415
0.3681490635499358
0.4172189714387059
0.3893193040043116
0.41044822670519354
0.3884800784289837
0.39591105803847315
0.3904364414513111
0.372096780128777
0.4723323829472065
0.39870090316981077
0.3986868618056178
0.3818605650216341
0.3976714424788952
0.3915279695764184
0.4253650285303593
0.3788397677242756
0.4086110688745975
0.3948367990553379
0.4648304287344217
0.38710572496056556
0.38804032392799853
0.37468075230717657
0.3828742068260908
0.3986441966146231
0.37153859324753286
0.38133354783058165
0.37596925590187313
0.3688164446502924
0.36306001208722594
0.4051366474479437
0.4837388414889574
0.39045828208327293
0.37633242066949607
0.3872765744104981
0.3885653421282768
0.39045857898890973
0.3721669904887676
0.3693475151434541
0.4108256114646792
0.3773630106821656
0.3602148573845625
0.3512436579912901
0.3637305933982134
0.3660113262012601
0.37908861208707095
0.3691654194146395
0.3642800938338041
0.35779797807335856
0.35734484642744063
0.35942106749862435
0.37554715648293496
0.3683269971981645
0.369654930382967
0.3666019907221198
0.37544428911060096
0.3862145746126771
0.3699287520721555
0.3705787811428308
0.3578650288283825
0.36134989075362683
0.3778908412903547
0.3624475136399269
0.368394573405385
0.34985979832708836
0.3875492554157972
0.36851576510816814
0.36475480776280167
0.38427542299032214
0.3740738909691572
0.3688277047127485
0.3618516309186816
0.3982008358463645
0.3691976198926568
0.37176038399338723
0.3653859101235867
0.37588575333356855
0.35284869037568567
0.37245314903557303
0.38312015421688556
0.3568692248314619
0.35104472897946837
0.3697906259447336
0.42044911310076716
0.385406145080924
0.3670533627271652
0.3660421136766672
0.3673510495573282
0.37793741561472416
0.3806417003273964
0.35566063448786733
0.3571762777864933
0.366333432123065
0.3722715016454458
0.36321881227195263
0.35052713584154843
0.3590722303837538
0.3464283648878336
0.338861926458776
0.343127459846437
0.3529765808954835
0.34175480138510467
0.33864844888448714
0.35392928272485735
0.35173008404672146
0.35702706277370455
0.35436610504984856
0.3517057865858078
0.3493163311854005
0.4217205479741096
0.3899848997592926
0.36733505334705113
0.3645474653691053
0.3498331535607576
0.35356444027274847
0.3649077221751213
0.35522226337343454
0.33535518757998944
0.3439962724223733
0.3436928827315569
0.3723978091031313
0.337620809674263
0.3437015935778618
0.36735464371740817
0.3476676369085908
0.33854132127016784
0.3574550334364176
0.35621896032243966
0.3456207478418946
0.36054474860429764
0.34526639264076947
0.3330299828201532
0.35046760067343713
0.3555207850411534
0.3316223226487637
0.36483219526708127
0.35153984278440475
0.35587514713406565
0.3542351327836514
0.3396837716922164
0.33463150151073934
0.3394851559773088
0.34352095387876036
0.3579475823789835
0.40133407190442083
0.34924347661435606
0.3425946857780218
0.3435395509004593
0.32971017640084027
0.34877715855836866
0.34306685663759706
0.3314874792471528
0.35068538375198843
0.34194544777274133
0.3305178973823786
0.34057592451572416
0.33730805199593306
0.34268763232976196
0.3401954207569361
0.3350255902856588
0.3350959563627839
0.38462111838161944
0.34727773498743775
0.3455355176702142
0.3543185152113438
0.3372896520420909
0.3584650596603751
0.3365936970338225
0.34155651517212393
0.33868507891893385
0.32944706194102763
0.3324498996138573
0.3275275070220232
0.3396618142724037
0.33172072730958463
0.33241406697779896
0.35060289669781924
0.3265101222321391
0.3235610982403159
0.33819030597805977
0.32698049396276474
0.3255198275670409
0.35237850695848466
0.34325295481830836
0.3369310645386577
0.337457069195807
0.32770594879984855
0.3331862656399608
0.3441335214301944
0.3301609564572573
0.3401197226718068
0.36232766453176735
0.3366468921303749
0.33678201846778394
0.3489257276058197
0.3254020430147648
0.3320782549679279
0.32819217052310706
0.3291529458016157
0.34349901247769593
0.334055832400918
0.3308747451752424
0.32321118712425234
0.3353601213544607
0.3310122672468424
0.39497383441776035
0.35321019124239683
0.3304063865914941
0.33319341018795967
0.33070440739393236
0.3209465390071273
0.3265374816954136
0.31978092808276415
0.31980189569294454
0.3261549571529031
0.3248841045424342
0.33163353204727175
0.32714828439056876
0.3230780268087983
0.32652783431112764
0.32337885461747645
0.3427102418616414
0.3443099781870842
0.34493005741387606
0.32802688516676426
0.3306797694414854
0.31939970292150976
0.322759741358459
0.32495611552149056
0.32542660646140575
0.3199982974678278
0.3228192364796996
0.3173446964472532
0.3542742855846882
0.34756365045905113
0.32644572015851736
0.3511551896110177
0.3269055146723986
0.33720673657953737
0.32472297046333554
0.32838463634252546
0.3185007577762008
0.31184421088546516
0.3240443330258131
0.32178463265299795
0.320367793366313
0.32578508742153645
0.31705294754356145
0.3166380552574992
0.3142370706424117
0.31011712104082106
0.3289161821827292
0.33643788378685713
0.3263798575848341
0.3574613457545638
0.33910952806472777
0.3255824793130159
0.32789742946624756
0.32376293633133174
0.3263714486733079
0.3115275613963604
0.3293586393818259
0.30990235339850186
0.3264160186052322
0.3191957173869014
0.3122122215107083
0.3133811207488179
0.31509425211697817
0.3170317806303501
0.31109028924256565
0.32589946538209913
0.31958254184573887
0.3198378155007958
0.3140682650730014
0.30731684491038325
0.32041465379297734
0.30909326691180466
0.31874594297260045
0.32246544510126113
0.3184659192338586
0.31291295140981673
0.31395057421177625
0.31231868751347064
0.30530862845480444
0.3155929483473301
0.32541886121034624
0.3081751147285104
0.3171514369547367
0.30945592615753414
0.3058584673330188
0.3217752307653427
0.31487936358898877
0.31247767694294454
0.31140954308211805
0.31021501664072276
0.32235562019050124
0.3015877202153206
0.3299706820398569
0.3127622790634632
0.3077032286673784
0.3111626349389553
0.30612624119967224
0.30805230401456357
0.30725270695984364
0.31762087177485226
0.3066514512524009
0.31311852000653745
0.3135065011680126
0.3079765509814024
0.31756823752075436
0.3154989367350936
0.30924832802265884
0.31839212235063313
0.3024238346144557
0.3108396137133241
0.3077819347381592
0.304565492272377
0.30206926353275776
0.30150298587977886
0.31262794099748137
0.309452479891479
0.304667997546494
0.3159166077151895
0.31267092265188695
0.3114584917202592
0.305316529981792
0.30758886206895114
0.30528544429689647
0.30015833731740715
0.29956653211265805
0.30259080696851015
0.3081206325441599
0.305794102139771
0.31470774561166764
0.31348973903805016
0.31326355002820494
0.3059830660000443
0.3065717155113816
0.3074507279321551
0.31105730030685663
0.30861466117203235
0.3142270091921091
0.29758502785116436
0.3083741968497634
0.3009376734495163
0.3107294522225857
0.3004880089312792
0.2979564405977726
0.30064163375645875
0.3056853307411075
0.3081602767109871
0.29580750558525326
0.2973040560260415
0.29537882599979637
0.3098080864176154
0.30184353459626434
0.29573085326701404
0.3041833134368062
0.29274824224412443
0.3034666316583753
0.29746827520430086
0.2986421713605523
0.3020044695585966
0.30819486882537606
0.30282532554119823
0.30747999586164954
0.2949523955583572
0.30827521905303
0.2980447767302394
0.30862841941416264
0.3199052296578884
0.29974721781909464
0.30235845036804676
0.29402167461812495
0.296691626496613
0.30118949096649883
0.3006913125514984
0.3046707330271602
0.2956615719944239
0.3088984277099371
0.3047683112323284
0.30867014043033125
0.2988473132252693
0.2983208453282714
0.2921082552522421
0.2988490480929613
0.2958657514303923
0.3036534937098622
0.29768563639372586
0.2970785640180111
0.29568624403327703
0.3066447149962187
0.2966552324593067
0.3068495126441121
0.29657585471868514
0.28968821801245215
0.30230489894747736
0.29630859587341546
0.29971375670284034
0.28806281462311745
0.29247192908078434
0.3019338995218277
0.2986533362418413
0.29915991351008414
0.2929277762770653
0.2954306691884995
0.29764639511704444
0.29298728518188
0.30002362951636313
0.29929889999330045
0.29719921220093964
0.3070620965212584
0.3026933943852782
0.294368857331574
0.2924990266561508
0.29315315261483194
0.29548063650727274
0.28641325030475856
0.2927697284147143
0.29364737793803214
0.28975552283227446
0.29735006093978883
0.28781826328486204
0.2901093240827322
0.290565581433475
0.2897926228120923
0.29659099224954844
0.3003281155601144
0.29289753939956426
0.3000689985230565
0.29001398514956234
0.28820549678057433
0.30465179346501825
0.2886989364400506
0.29439244475215676
0.2950849164277315
0.28402562271803616
0.29537827558815477
0.2916460681706667
0.29370605796575544
0.2928965099155903
0.2948520189151168
0.2863448642194271
0.28950494676828387
0.28769682738929986
0.2999234350398183
0.2982433868572116
0.2952639641240239
0.31137533150613306
0.2867953062057495
0.2918367277830839
0.2874387001618743
0.29856926277279855
0.2888003384694457
0.28787277210503814
0.2929001897573471
0.29901571571826935
0.28327845484018327
0.28165484555065634
0.28999627716839316
0.30183548033237456
0.28354884013533593
0.2937448643147945
0.29471628498286007
0.2892600666731596
0.28262224309146405
0.2911381473764777
0.2927192434668541
0.29338739309459927
0.29334097970277073
0.29731136597692964
0.2924090618267655
0.3011007081717253
0.29535476118326187
0.29072028007358314
0.2832119699567556
0.2863552512601018
0.2831133797764778
0.285465307533741
0.2832509161904454
0.29654824193567036
0.28754898589104416
0.30133733469992874
0.28614457603543997
0.2881748894229531
0.2857194751501083
0.28458914794027806
0.29126971289515496
0.28931137304753063
0.2919527281075716
0.28539744224399327
0.293177941814065
0.2834991982206702
0.28579688277095555
0.28269055057317016
0.29165746960788963
0.29012746047228577
0.2821600755676627
0.29010038562119006
0.2913985809311271
0.2799645667895675
0.28785175960510967
0.29026926290243865
0.2912979915738106
0.28777389638125894
0.28428651578724384
0.28844718988984824
0.30155735425651076
0.2894535981118679
0.29167328495532274
0.29252284970134496
0.2801995469257236
0.28273451440036296
0.2882636168971658
0.29373759813606737
0.2774879261851311
0.28663067519664764
0.2904928496107459
0.2905062882229686
0.2861635429784656
0.2894464071840048
0.2858795579522848
0.28272427823394536
0.28919959142804147
0.29397235363721846
0.29022881016135216
0.29079428091645243
0.28804908189922573
0.2797801477834582
0.28759061750024556
0.28156467340886593
0.2869376391172409
0.28628816194832324
0.2846898652613163
0.2869016403332353
0.28359492868185043
0.2869035953655839
0.2845207402482629
0.2866352988407016
0.2778224997222424
0.28356659431010484
0.2817445728927851
0.28350895941257476
0.28383597247302533
0.2860314406454563
0.2873866017907858
0.28668860681355
0.2869713708758354
0.2932198664173484
0.2872638449072838
0.2810365196317434
0.2858803117647767
0.2817006818950176
0.29132257830351593
0.2925256803631783
0.2802578369155526
0.2934136435389519
0.28963272273540497
0.2824092173948884
0.2807325148954988
0.29231649450957775
0.2817259991541505
0.2884722612798214
0.28775464165955783
0.28274457436054945
0.29147215764969586
0.28537612725049255
0.2850696688517928
0.2833133235573769
0.28655536491423844
0.2791817158460617
0.29415963478386403
0.2856073811650276
0.2888253016397357
0.2868875553831458
0.28396498281508686
0.28381137941032647
0.28783764094114306
0.2928093453869224
0.29568732138723136
0.280409930460155
0.2812120866030455
0.2899339200928807
0.2831463297829032
0.2886068504303694
0.2831100158393383
0.2887533871456981
0.2872449230402708
0.2991614634171128
0.2803669264540076
0.28444934040308
0.28632146306335926
0.2745359309017658
0.288115225918591
0.2817096604034305
0.2889214714989066
0.2843187404796481
0.276145800575614
0.2811277711763978
0.28810554798692467
0.2895287159830332
0.3011960512027144
0.2879091393202543
0.2747614299878478
0.28561899717897177
0.28320788219571114
0.2895269712433219
0.2794121565297246
0.2824312336742878
0.28833629973232744
0.28503127451986077
0.282852553576231
0.28394332956522705
0.27763089798390866
0.277990673109889
0.2809413351118565
0.28856701105833055
0.2969360454007983
0.28049432542175057
0.286196313239634
0.27843446340411904
0.275637480057776
0.2761051770299673
0.27942576687783005
0.28518323302268983
0.28496871665120127
0.27302196975797416
0.2834866205230355
0.28718647453933954
0.2812045654281974
0.28289962857961654
0.28451196625828745
0.28371083829551935
0.2772201206535101
0.28263920918107033
0.2822901763021946
0.27935282681137324
0.2844615399837494
0.2835891744121909
0.2790762711316347
0.28486491106450557
0.2847012639045715
0.27188525944948194
0.27911862786859276
0.28541834447532893
0.2774105416610837
0.2870300617069006
0.2814759876579046
0.281190505810082
0.28116962797939776
0.29036467038095
0.287578359618783
0.2803438132628798
0.2791590729728341
0.2794321356341243
0.2861708767712116
0.2818664977326989
0.2822913758456707
0.2856401676312089
0.2852639898657799
0.27573451679199934
0.2811598898842931
0.2788891937583685
0.27871506549417974
0.28320476189255717
0.28008996285498144
0.2755469223484397
0.28703588992357254
0.2803520854562521
0.2869254881516099
0.28176665864884853
0.2759000170975924
0.2818053249269724
0.27685174681246283
0.2805305229499936
0.2791461585089564
0.2854278672486544
0.288877085596323
0.2797101864591241
0.2748734625056386
0.285271236859262
0.28486765883862974
0.28438020274043085
0.2821856329217553
0.27853562477976085
0.283371077477932
0.28398620877414943
0.29454052690416577
0.2809856528416276
0.2878523554652929
0.26964353043586015
0.287006008066237
0.2841262539848685
0.2760687328875065
0.28689511194825174
