0
60.13957360573264
61.23094418968852
64.77916472143531
66.90095756656898
67.9213317929697
64.6641388718715
69.39677942005427
67.89772936551758
68.54647544952127
70.87787975645874
70.86371777235341
71.00086311129553
70.24441238776667
71.25775237294908
70.14426062922524
69.04045267993682
71.78981894001207
71.06526491816227
71.78692670763964
72.4763608911562
71.75596197307073
71.3731600760756
71.11656215448006
71.87844968324208
72.39902330197441
71.81534212932904
73.06415478484091
72.63805026352338
70.82009656732203
72.23656833045825
68.10767170232444
71.57054079554165
72.94385115647188
71.9502620180303
71.85250653742531
73.20045891419925
72.94128928707137
73.1673205361347
72.03138476821435
71.35232995083788
73.65336583091589
73.34354047223044
72.97819506344497
71.91359865490091
73.45037578346711
72.908325350725
72.62466510103533
73.08082238380392
73.5779856184351
73.55174776944571
74.75416959247893
73.82974150104396
74.2773265700437
74.46137134680497
74.90313059660241
74.0540679465203
74.00270128265375
73.98763799911444
74.52713037278794
74.53942660383576
74.54946245737828
75.07433130361434
74.59251022010379
73.99041568796783
73.62533544833258
74.42129174759354
74.86360595182268
73.74107936650817
75.21924029296568
74.99125635956695
74.7056422796966
74.96610395829954
75.28546669805661
74.81976811162477
74.7441244018084
74.62943339729729
74.89647103222202
74.80453088540155
74.88189751163469
74.87519919721954
74.4183153620236
74.1795038907466
74.83126589494205
75.1416606402551
75.22682464871343
74.996422086356
74.89349504101277
74.90083331323251
74.82932976724067
75.15592397550809
74.89409165288095
74.95568545569196
74.98390764776552
74.9467996004693
74.90732472235963
75.01745856151236
74.9576664058095
74.9782629340632
74.86066031272894
74.98949734561626
